epoch,step,total_grad_norm,total_weight_norm,train_auc_eval,train_f1_eval,train_loss,train_loss_epoch,train_loss_eval,train_map_eval,val_auc,val_auc_eval,val_f1,val_f1_eval,val_loss,val_loss_eval,val_map,val_map_eval
0,0,,,0.4999534487724304,0.01150220725685358,,,0.693060677453696,0.014137026853859425,,0.49839887022972107,,0.01132922526448965,,0.6930637113293823,,0.014567664824426174
0,9,,,,,0.7082875967025757,,,,,,,,,,,
0,19,,,,,0.7129995822906494,,,,,,,,,,,
0,29,,,,,0.6861801743507385,,,,,,,,,,,
0,39,,,,,0.6609127521514893,,,,,,,,,,,
0,49,,,,,0.633001446723938,,,,,,,,,,,
0,59,,,,,0.6086573600769043,,,,,,,,,,,
0,69,,,,,0.5822371244430542,,,,,,,,,,,
0,79,,,,,0.5577011704444885,,,,,,,,,,,
0,89,,,,,0.5315976738929749,,,,,,,,,,,
0,99,,,,,0.5075732469558716,,,,,,,,,,,
0,109,,,,,0.48286962509155273,,,,,,,,,,,
0,119,,,,,0.4579227864742279,,,,,,,,,,,
0,129,,,,,0.4298756718635559,,,,,,,,,,,
0,139,,,,,0.4031943678855896,,,,,,,,,,,
0,149,,,,,0.3732024133205414,,,,,,,,,,,
0,159,,,,,0.33971187472343445,,,,,,,,,,,
0,169,,,,,0.30886220932006836,,,,,,,,,,,
0,179,,,,,0.28692400455474854,,,,,,,,,,,
0,189,,,,,0.2595287561416626,,,,,,,,,,,
0,199,,,,,0.24331489205360413,,,,,,,,,,,
0,209,,,,,0.22328314185142517,,,,,,,,,,,
0,219,,,,,0.21322280168533325,,,,,,,,,,,
0,229,,,,,0.19664576649665833,,,,,,,,,,,
0,239,,,,,0.19163884222507477,,,,,,,,,,,
0,249,,,,,0.18771672248840332,,,,,,,,,,,
0,259,,,,,0.17335419356822968,,,,,,,,,,,
0,269,,,,,0.1691083461046219,,,,,,,,,,,
0,279,,,,,0.15956564247608185,,,,,,,,,,,
0,0,0.36168086695878726,95.90318972127818,,,,,,,,,,,,,,
0,282,,,,,,0.39176833629608154,,,,,,,,,,
1,289,,,,,0.14908236265182495,,,,,,,,,,,
1,299,,,,,0.14461183547973633,,,,,,,,,,,
1,309,,,,,0.13745151460170746,,,,,,,,,,,
1,319,,,,,0.13546930253505707,,,,,,,,,,,
1,329,,,,,0.13017399609088898,,,,,,,,,,,
1,339,,,,,0.13119404017925262,,,,,,,,,,,
1,349,,,,,0.11943645775318146,,,,,,,,,,,
1,359,,,,,0.11758412420749664,,,,,,,,,,,
1,369,,,,,0.11786682158708572,,,,,,,,,,,
1,379,,,,,0.11474185436964035,,,,,,,,,,,
1,389,,,,,0.11227094382047653,,,,,,,,,,,
1,399,,,,,0.10652235895395279,,,,,,,,,,,
1,409,,,,,0.103822261095047,,,,,,,,,,,
1,419,,,,,0.11332941800355911,,,,,,,,,,,
1,429,,,,,0.09955856949090958,,,,,,,,,,,
1,439,,,,,0.09827370196580887,,,,,,,,,,,
1,449,,,,,0.10075550526380539,,,,,,,,,,,
1,459,,,,,0.09455371648073196,,,,,,,,,,,
1,469,,,,,0.09297767281532288,,,,,,,,,,,
1,479,,,,,0.09799491614103317,,,,,,,,,,,
1,489,,,,,0.0900757759809494,,,,,,,,,,,
1,499,,,,,0.0894693061709404,,,,,,,,,,,
1,509,,,,,0.09788262844085693,,,,,,,,,,,
1,519,,,,,0.08625885844230652,,,,,,,,,,,
1,529,,,,,0.08618433773517609,,,,,,,,,,,
1,539,,,,,0.08538498729467392,,,,,,,,,,,
1,549,,,,,0.08388408273458481,,,,,,,,,,,
1,559,,,,,0.0855601504445076,,,,,,,,,,,
1,1,0.14690458891705538,93.58287785698504,,,,,,,,,,,,,,
1,565,,,,,,0.10637155920267105,,,,,,,,,,
2,569,,,,,0.08138881623744965,,,,,,,,,,,
2,579,,,,,0.08145936578512192,,,,,,,,,,,
2,589,,,,,0.08516152203083038,,,,,,,,,,,
2,599,,,,,0.0778426006436348,,,,,,,,,,,
2,609,,,,,0.07842586189508438,,,,,,,,,,,
2,619,,,,,0.07819215208292007,,,,,,,,,,,
2,629,,,,,0.07799500226974487,,,,,,,,,,,
2,639,,,,,0.07831791043281555,,,,,,,,,,,
2,649,,,,,0.07393535226583481,,,,,,,,,,,
2,659,,,,,0.07737866044044495,,,,,,,,,,,
2,669,,,,,0.07446874678134918,,,,,,,,,,,
2,679,,,,,0.07482168823480606,,,,,,,,,,,
2,689,,,,,0.07651108503341675,,,,,,,,,,,
2,699,,,,,0.07728665322065353,,,,,,,,,,,
2,709,,,,,0.07229720801115036,,,,,,,,,,,
2,719,,,,,0.07029295712709427,,,,,,,,,,,
2,729,,,,,0.07019296288490295,,,,,,,,,,,
2,739,,,,,0.07154683023691177,,,,,,,,,,,
2,749,,,,,0.07003224641084671,,,,,,,,,,,
2,759,,,,,0.06724460422992706,,,,,,,,,,,
2,769,,,,,0.06995861977338791,,,,,,,,,,,
2,779,,,,,0.07005270570516586,,,,,,,,,,,
2,789,,,,,0.06791740655899048,,,,,,,,,,,
2,799,,,,,0.06497380882501602,,,,,,,,,,,
2,809,,,,,0.06777443736791611,,,,,,,,,,,
2,819,,,,,0.0698416605591774,,,,,,,,,,,
2,829,,,,,0.06910032778978348,,,,,,,,,,,
2,839,,,,,0.06828786432743073,,,,,,,,,,,
2,2,0.10939031243228567,91.7640359610716,,,,,,,,,,,,,,
2,848,,,,,,0.07310103625059128,,,,,,,,,,
3,849,,,,,0.06745452433824539,,,,,,,,,,,
3,859,,,,,0.07195182889699936,,,,,,,,,,,
3,869,,,,,0.06461680680513382,,,,,,,,,,,
3,879,,,,,0.06816498190164566,,,,,,,,,,,
3,889,,,,,0.06348904967308044,,,,,,,,,,,
3,899,,,,,0.06605616211891174,,,,,,,,,,,
3,909,,,,,0.06628315895795822,,,,,,,,,,,
3,919,,,,,0.06670989841222763,,,,,,,,,,,
3,929,,,,,0.06488559395074844,,,,,,,,,,,
3,939,,,,,0.06267069280147552,,,,,,,,,,,
3,949,,,,,0.06459661573171616,,,,,,,,,,,
3,959,,,,,0.06265106052160263,,,,,,,,,,,
3,969,,,,,0.06247125193476677,,,,,,,,,,,
3,979,,,,,0.06563085317611694,,,,,,,,,,,
3,989,,,,,0.06640109419822693,,,,,,,,,,,
3,999,,,,,0.0639466866850853,,,,,,,,,,,
3,1009,,,,,0.0641791969537735,,,,,,,,,,,
3,1019,,,,,0.0662221908569336,,,,,,,,,,,
3,1029,,,,,0.06745704263448715,,,,,,,,,,,
3,1039,,,,,0.06306356936693192,,,,,,,,,,,
3,1049,,,,,0.0642058327794075,,,,,,,,,,,
3,1059,,,,,0.06319796293973923,,,,,,,,,,,
3,1069,,,,,0.0621422715485096,,,,,,,,,,,
3,1079,,,,,0.06333150714635849,,,,,,,,,,,
3,1089,,,,,0.06340158730745316,,,,,,,,,,,
3,1099,,,,,0.06148608401417732,,,,,,,,,,,
3,1109,,,,,0.06006328761577606,,,,,,,,,,,
3,1119,,,,,0.061439935117959976,,,,,,,,,,,
3,1129,,,,,0.05934232473373413,,,,,,,,,,,
3,3,0.12116211740133395,90.35840189725197,,,,,,,,,,,,,,
3,1131,,,,,,0.06446711719036102,,,,,,,,,,
4,1139,,,,,0.06037452816963196,,,,,,,,,,,
4,1149,,,,,0.06417036056518555,,,,,,,,,,,
4,1159,,,,,0.06349843740463257,,,,,,,,,,,
4,1169,,,,,0.062321603298187256,,,,,,,,,,,
4,1179,,,,,0.06072065234184265,,,,,,,,,,,
4,1189,,,,,0.061238694936037064,,,,,,,,,,,
4,1199,,,,,0.061225347220897675,,,,,,,,,,,
4,1209,,,,,0.06079525128006935,,,,,,,,,,,
4,1219,,,,,0.05941234156489372,,,,,,,,,,,
4,1229,,,,,0.06364762037992477,,,,,,,,,,,
4,1239,,,,,0.05954166129231453,,,,,,,,,,,
4,1249,,,,,0.05893562361598015,,,,,,,,,,,
4,1259,,,,,0.05815513804554939,,,,,,,,,,,
4,1269,,,,,0.06215494126081467,,,,,,,,,,,
4,1279,,,,,0.059585705399513245,,,,,,,,,,,
4,1289,,,,,0.06184046342968941,,,,,,,,,,,
4,1299,,,,,0.05743022263050079,,,,,,,,,,,
4,1309,,,,,0.05951118469238281,,,,,,,,,,,
4,1319,,,,,0.06070495396852493,,,,,,,,,,,
4,1329,,,,,0.06052955240011215,,,,,,,,,,,
4,1339,,,,,0.05994369834661484,,,,,,,,,,,
4,1349,,,,,0.06187160313129425,,,,,,,,,,,
4,1359,,,,,0.058544762432575226,,,,,,,,,,,
4,1369,,,,,0.05985342711210251,,,,,,,,,,,
4,1379,,,,,0.060983557254076004,,,,,,,,,,,
4,1389,,,,,0.059330858290195465,,,,,,,,,,,
4,1399,,,,,0.06126062944531441,,,,,,,,,,,
4,1409,,,,,0.062092382460832596,,,,,,,,,,,
4,4,0.09324072646782955,89.26962224504338,,,,,,,,,,,,,,
4,1414,,,,,,0.061018019914627075,,,,,,,,,,
5,1419,,,,,0.061677031219005585,,,,,,,,,,,
5,1429,,,,,0.058727752417325974,,,,,,,,,,,
5,1439,,,,,0.058723412454128265,,,,,,,,,,,
5,1449,,,,,0.056975871324539185,,,,,,,,,,,
5,1459,,,,,0.05926556885242462,,,,,,,,,,,
5,1469,,,,,0.060428500175476074,,,,,,,,,,,
5,1479,,,,,0.05989618971943855,,,,,,,,,,,
5,1489,,,,,0.05952256917953491,,,,,,,,,,,
5,1499,,,,,0.058282408863306046,,,,,,,,,,,
5,1509,,,,,0.05929954722523689,,,,,,,,,,,
5,1519,,,,,0.060994409024715424,,,,,,,,,,,
5,1529,,,,,0.06188554689288139,,,,,,,,,,,
5,1539,,,,,0.0643584355711937,,,,,,,,,,,
5,1549,,,,,0.05942898988723755,,,,,,,,,,,
5,1559,,,,,0.060897763818502426,,,,,,,,,,,
5,1569,,,,,0.05820661410689354,,,,,,,,,,,
5,1579,,,,,0.061199020594358444,,,,,,,,,,,
5,1589,,,,,0.05720645561814308,,,,,,,,,,,
5,1599,,,,,0.05861372500658035,,,,,,,,,,,
5,1609,,,,,0.06268142908811569,,,,,,,,,,,
5,1619,,,,,0.057917967438697815,,,,,,,,,,,
5,1629,,,,,0.060984764248132706,,,,,,,,,,,
5,1639,,,,,0.0635935515165329,,,,,,,,,,,
5,1649,,,,,0.058983493596315384,,,,,,,,,,,
5,1659,,,,,0.054673437029123306,,,,,,,,,,,
5,1669,,,,,0.05867943540215492,,,,,,,,,,,
5,1679,,,,,0.05977563187479973,,,,,,,,,,,
5,1689,,,,,0.05694141611456871,,,,,,,,,,,
5,5,0.0804909350047184,88.4021515275133,,,,,,,,,,,,,,
5,1697,,,,,,0.05946565419435501,,,,,,,,,,
6,1699,,,,,0.05825486406683922,,,,,,,,,,,
6,1709,,,,,0.059097208082675934,,,,,,,,,,,
6,1719,,,,,0.0558130107820034,,,,,,,,,,,
6,1729,,,,,0.061809130012989044,,,,,,,,,,,
6,1739,,,,,0.05849995091557503,,,,,,,,,,,
6,1749,,,,,0.05998905375599861,,,,,,,,,,,
6,1759,,,,,0.060005564242601395,,,,,,,,,,,
6,1769,,,,,0.05566602200269699,,,,,,,,,,,
6,1779,,,,,0.05695992335677147,,,,,,,,,,,
6,1789,,,,,0.0637432262301445,,,,,,,,,,,
6,1799,,,,,0.059342123568058014,,,,,,,,,,,
6,1809,,,,,0.057539328932762146,,,,,,,,,,,
6,1819,,,,,0.05579781532287598,,,,,,,,,,,
6,1829,,,,,0.056611862033605576,,,,,,,,,,,
6,1839,,,,,0.05988940969109535,,,,,,,,,,,
6,1849,,,,,0.05708439275622368,,,,,,,,,,,
6,1859,,,,,0.06170898303389549,,,,,,,,,,,
6,1869,,,,,0.054986465722322464,,,,,,,,,,,
6,1879,,,,,0.05696035176515579,,,,,,,,,,,
6,1889,,,,,0.060530517250299454,,,,,,,,,,,
6,1899,,,,,0.055411241948604584,,,,,,,,,,,
6,1909,,,,,0.057301055639982224,,,,,,,,,,,
6,1919,,,,,0.05347776785492897,,,,,,,,,,,
6,1929,,,,,0.057530589401721954,,,,,,,,,,,
6,1939,,,,,0.059574246406555176,,,,,,,,,,,
6,1949,,,,,0.06260239332914352,,,,,,,,,,,
6,1959,,,,,0.061128899455070496,,,,,,,,,,,
6,1969,,,,,0.05834943801164627,,,,,,,,,,,
6,1979,,,,,0.057023484259843826,,,,,,,,,,,
6,6,0.07444159112961657,87.70077084550898,,,,,,,,,,,,,,
6,1980,,,,,,0.05872892960906029,,,,,,,,,,
7,1989,,,,,0.05590428411960602,,,,,,,,,,,
7,1999,,,,,0.06518637388944626,,,,,,,,,,,
7,2009,,,,,0.06149880215525627,,,,,,,,,,,
7,2019,,,,,0.05827074870467186,,,,,,,,,,,
7,2029,,,,,0.056320078670978546,,,,,,,,,,,
7,2039,,,,,0.057639822363853455,,,,,,,,,,,
7,2049,,,,,0.05655726045370102,,,,,,,,,,,
7,2059,,,,,0.05855045095086098,,,,,,,,,,,
7,2069,,,,,0.05827797204256058,,,,,,,,,,,
7,2079,,,,,0.05763784050941467,,,,,,,,,,,
7,2089,,,,,0.06112777069211006,,,,,,,,,,,
7,2099,,,,,0.05897701159119606,,,,,,,,,,,
7,2109,,,,,0.05792921036481857,,,,,,,,,,,
7,2119,,,,,0.0619233064353466,,,,,,,,,,,
7,2129,,,,,0.061050523072481155,,,,,,,,,,,
7,2139,,,,,0.057017650455236435,,,,,,,,,,,
7,2149,,,,,0.05610407516360283,,,,,,,,,,,
7,2159,,,,,0.06045519933104515,,,,,,,,,,,
7,2169,,,,,0.05922098085284233,,,,,,,,,,,
7,2179,,,,,0.059895433485507965,,,,,,,,,,,
7,2189,,,,,0.05657617002725601,,,,,,,,,,,
7,2199,,,,,0.05815539509057999,,,,,,,,,,,
7,2209,,,,,0.05755582079291344,,,,,,,,,,,
7,2219,,,,,0.0576762929558754,,,,,,,,,,,
7,2229,,,,,0.060955993831157684,,,,,,,,,,,
7,2239,,,,,0.053629741072654724,,,,,,,,,,,
7,2249,,,,,0.057766154408454895,,,,,,,,,,,
7,2259,,,,,0.05385248363018036,,,,,,,,,,,
7,7,0.07062631778566333,87.11766383975932,,,,,,,,,,,,,,
7,2263,,,,,,0.058310892432928085,,,,,,,,,,
8,2269,,,,,0.057854581624269485,,,,,,,,,,,
8,2279,,,,,0.06271420419216156,,,,,,,,,,,
8,2289,,,,,0.057124413549900055,,,,,,,,,,,
8,2299,,,,,0.05897481366991997,,,,,,,,,,,
8,2309,,,,,0.05797089636325836,,,,,,,,,,,
8,2319,,,,,0.058375149965286255,,,,,,,,,,,
8,2329,,,,,0.05493754893541336,,,,,,,,,,,
8,2339,,,,,0.053895920515060425,,,,,,,,,,,
8,2349,,,,,0.0581439808011055,,,,,,,,,,,
8,2359,,,,,0.0607290156185627,,,,,,,,,,,
8,2369,,,,,0.05677938088774681,,,,,,,,,,,
8,2379,,,,,0.056407373398542404,,,,,,,,,,,
8,2389,,,,,0.057700999081134796,,,,,,,,,,,
8,2399,,,,,0.05812589079141617,,,,,,,,,,,
8,2409,,,,,0.060827288776636124,,,,,,,,,,,
8,2419,,,,,0.05978035554289818,,,,,,,,,,,
8,2429,,,,,0.061717770993709564,,,,,,,,,,,
8,2439,,,,,0.05641252174973488,,,,,,,,,,,
8,2449,,,,,0.05210775509476662,,,,,,,,,,,
8,2459,,,,,0.05543997511267662,,,,,,,,,,,
8,2469,,,,,0.055821482092142105,,,,,,,,,,,
8,2479,,,,,0.06235814094543457,,,,,,,,,,,
8,2489,,,,,0.0591265968978405,,,,,,,,,,,
8,2499,,,,,0.05673656985163689,,,,,,,,,,,
8,2509,,,,,0.060405828058719635,,,,,,,,,,,
8,2519,,,,,0.055587127804756165,,,,,,,,,,,
8,2529,,,,,0.05843805894255638,,,,,,,,,,,
8,2539,,,,,0.06078515946865082,,,,,,,,,,,
8,8,0.06555940863205613,86.63387877048781,,,,,,,,,,,,,,
8,2546,,,,,,0.058140985667705536,,,,,,,,,,
9,2549,,,,,0.05895284190773964,,,,,,,,,,,
9,2559,,,,,0.06143447011709213,,,,,,,,,,,
9,2569,,,,,0.0573430098593235,,,,,,,,,,,
9,2579,,,,,0.059152599424123764,,,,,,,,,,,
9,2589,,,,,0.055605001747608185,,,,,,,,,,,
9,2599,,,,,0.0631241574883461,,,,,,,,,,,
9,2609,,,,,0.060358788818120956,,,,,,,,,,,
9,2619,,,,,0.05930362269282341,,,,,,,,,,,
9,2629,,,,,0.056382518261671066,,,,,,,,,,,
9,2639,,,,,0.057168785482645035,,,,,,,,,,,
9,2649,,,,,0.058666881173849106,,,,,,,,,,,
9,2659,,,,,0.05866880342364311,,,,,,,,,,,
9,2669,,,,,0.05504253879189491,,,,,,,,,,,
9,2679,,,,,0.05893241986632347,,,,,,,,,,,
9,2689,,,,,0.06177857518196106,,,,,,,,,,,
9,2699,,,,,0.06214793398976326,,,,,,,,,,,
9,2709,,,,,0.05950635299086571,,,,,,,,,,,
9,2719,,,,,0.05884882062673569,,,,,,,,,,,
9,2729,,,,,0.0572611428797245,,,,,,,,,,,
9,2739,,,,,0.05459316447377205,,,,,,,,,,,
9,2749,,,,,0.05604466423392296,,,,,,,,,,,
9,2759,,,,,0.053653404116630554,,,,,,,,,,,
9,2769,,,,,0.05709792301058769,,,,,,,,,,,
9,2779,,,,,0.055969323962926865,,,,,,,,,,,
9,2789,,,,,0.06228792667388916,,,,,,,,,,,
9,2799,,,,,0.05323556810617447,,,,,,,,,,,
9,2809,,,,,0.059823449701070786,,,,,,,,,,,
9,2819,,,,,0.06068691238760948,,,,,,,,,,,
9,2829,,,,,0.05779401585459709,,,,,,,,,,,
9,9,,,0.5000771284103394,0.0,,,0.05712530516156653,0.01412870828062296,,0.49428585171699524,,0.0,,0.05753438335330206,,0.014308836311101913
9,2829,,,,,,,,,0.49428585171699524,,0.0,,0.05753437802195549,,0.014308836311101913,
9,9,0.0691739401784773,86.21035372428985,,,,,,,,,,,,,,
9,2829,,,,,,0.058009810745716095,,,,,,,,,,
10,2839,,,,,0.05773923173546791,,,,,,,,,,,
10,2849,,,,,0.05731239914894104,,,,,,,,,,,
10,2859,,,,,0.05500928685069084,,,,,,,,,,,
10,2869,,,,,0.061644297093153,,,,,,,,,,,
10,2879,,,,,0.06042613834142685,,,,,,,,,,,
10,2889,,,,,0.058045364916324615,,,,,,,,,,,
10,2899,,,,,0.05549689009785652,,,,,,,,,,,
10,2909,,,,,0.05689796060323715,,,,,,,,,,,
10,2919,,,,,0.05857743322849274,,,,,,,,,,,
10,2929,,,,,0.05911536142230034,,,,,,,,,,,
10,2939,,,,,0.05644785612821579,,,,,,,,,,,
10,2949,,,,,0.05924287065863609,,,,,,,,,,,
10,2959,,,,,0.05934065580368042,,,,,,,,,,,
10,2969,,,,,0.05944692716002464,,,,,,,,,,,
10,2979,,,,,0.06098425015807152,,,,,,,,,,,
10,2989,,,,,0.059700146317481995,,,,,,,,,,,
10,2999,,,,,0.05767732858657837,,,,,,,,,,,
10,3009,,,,,0.056747984141111374,,,,,,,,,,,
10,3019,,,,,0.06083845719695091,,,,,,,,,,,
10,3029,,,,,0.056409262120723724,,,,,,,,,,,
10,3039,,,,,0.0605839341878891,,,,,,,,,,,
10,3049,,,,,0.055563561618328094,,,,,,,,,,,
10,3059,,,,,0.06267564743757248,,,,,,,,,,,
10,3069,,,,,0.05698796734213829,,,,,,,,,,,
10,3079,,,,,0.05713389068841934,,,,,,,,,,,
10,3089,,,,,0.05745667591691017,,,,,,,,,,,
10,3099,,,,,0.059802163392305374,,,,,,,,,,,
10,3109,,,,,0.055887170135974884,,,,,,,,,,,
10,10,0.07256345681928708,85.82116255570176,,,,,,,,,,,,,,
10,3112,,,,,,0.05785362422466278,,,,,,,,,,
11,3119,,,,,0.05293676629662514,,,,,,,,,,,
11,3129,,,,,0.05727352201938629,,,,,,,,,,,
11,3139,,,,,0.05220942199230194,,,,,,,,,,,
11,3149,,,,,0.05881776660680771,,,,,,,,,,,
11,3159,,,,,0.057305485010147095,,,,,,,,,,,
11,3169,,,,,0.058921970427036285,,,,,,,,,,,
11,3179,,,,,0.05946396291255951,,,,,,,,,,,
11,3189,,,,,0.05677283927798271,,,,,,,,,,,
11,3199,,,,,0.05851677060127258,,,,,,,,,,,
11,3209,,,,,0.058304138481616974,,,,,,,,,,,
11,3219,,,,,0.061050791293382645,,,,,,,,,,,
11,3229,,,,,0.0568583682179451,,,,,,,,,,,
11,3239,,,,,0.05443505570292473,,,,,,,,,,,
11,3249,,,,,0.055641233921051025,,,,,,,,,,,
11,3259,,,,,0.05926127731800079,,,,,,,,,,,
11,3269,,,,,0.057420969009399414,,,,,,,,,,,
11,3279,,,,,0.056682031601667404,,,,,,,,,,,
11,3289,,,,,0.05879882723093033,,,,,,,,,,,
11,3299,,,,,0.058202654123306274,,,,,,,,,,,
11,3309,,,,,0.058570846915245056,,,,,,,,,,,
11,3319,,,,,0.056083861738443375,,,,,,,,,,,
11,3329,,,,,0.06152481585741043,,,,,,,,,,,
11,3339,,,,,0.06264477968215942,,,,,,,,,,,
11,3349,,,,,0.057350512593984604,,,,,,,,,,,
11,3359,,,,,0.056283410638570786,,,,,,,,,,,
11,3369,,,,,0.05845696106553078,,,,,,,,,,,
11,3379,,,,,0.06181047856807709,,,,,,,,,,,
11,3389,,,,,0.05480680242180824,,,,,,,,,,,
11,11,0.08525724896415819,85.47275980310889,,,,,,,,,,,,,,
11,3395,,,,,,0.05785217508673668,,,,,,,,,,
12,3399,,,,,0.055435433983802795,,,,,,,,,,,
12,3409,,,,,0.056131284683942795,,,,,,,,,,,
12,3419,,,,,0.05611271783709526,,,,,,,,,,,
12,3429,,,,,0.06302082538604736,,,,,,,,,,,
12,3439,,,,,0.05951662361621857,,,,,,,,,,,
12,3449,,,,,0.06163519620895386,,,,,,,,,,,
12,3459,,,,,0.05454130098223686,,,,,,,,,,,
12,3469,,,,,0.05939790979027748,,,,,,,,,,,
12,3479,,,,,0.06225939095020294,,,,,,,,,,,
12,3489,,,,,0.059537388384342194,,,,,,,,,,,
12,3499,,,,,0.058307748287916183,,,,,,,,,,,
12,3509,,,,,0.0579027459025383,,,,,,,,,,,
12,3519,,,,,0.05510888621211052,,,,,,,,,,,
12,3529,,,,,0.05816950649023056,,,,,,,,,,,
12,3539,,,,,0.05472109839320183,,,,,,,,,,,
12,3549,,,,,0.05742345377802849,,,,,,,,,,,
12,3559,,,,,0.05742059275507927,,,,,,,,,,,
12,3569,,,,,0.06041468307375908,,,,,,,,,,,
12,3579,,,,,0.06630565226078033,,,,,,,,,,,
12,3589,,,,,0.0548432357609272,,,,,,,,,,,
12,3599,,,,,0.05507549270987511,,,,,,,,,,,
12,3609,,,,,0.05439935252070427,,,,,,,,,,,
12,3619,,,,,0.05564761906862259,,,,,,,,,,,
12,3629,,,,,0.05747329071164131,,,,,,,,,,,
12,3639,,,,,0.05968179926276207,,,,,,,,,,,
12,3649,,,,,0.05748802423477173,,,,,,,,,,,
12,3659,,,,,0.05597145855426788,,,,,,,,,,,
12,3669,,,,,0.058844052255153656,,,,,,,,,,,
12,12,0.09082092436549141,85.13433669074878,,,,,,,,,,,,,,
12,3678,,,,,,0.057784706354141235,,,,,,,,,,
13,3679,,,,,0.05377197265625,,,,,,,,,,,
13,3689,,,,,0.056401245296001434,,,,,,,,,,,
13,3699,,,,,0.05839501693844795,,,,,,,,,,,
13,3709,,,,,0.05669507756829262,,,,,,,,,,,
13,3719,,,,,0.05840695649385452,,,,,,,,,,,
13,3729,,,,,0.06268470734357834,,,,,,,,,,,
13,3739,,,,,0.05768829211592674,,,,,,,,,,,
13,3749,,,,,0.06057874113321304,,,,,,,,,,,
13,3759,,,,,0.05803891271352768,,,,,,,,,,,
13,3769,,,,,0.05826511234045029,,,,,,,,,,,
13,3779,,,,,0.05886755883693695,,,,,,,,,,,
13,3789,,,,,0.05807420611381531,,,,,,,,,,,
13,3799,,,,,0.05991349369287491,,,,,,,,,,,
13,3809,,,,,0.05580057203769684,,,,,,,,,,,
13,3819,,,,,0.060667745769023895,,,,,,,,,,,
13,3829,,,,,0.0607130229473114,,,,,,,,,,,
13,3839,,,,,0.05709683522582054,,,,,,,,,,,
13,3849,,,,,0.054600682109594345,,,,,,,,,,,
13,3859,,,,,0.0581984668970108,,,,,,,,,,,
13,3869,,,,,0.05634584277868271,,,,,,,,,,,
13,3879,,,,,0.05841876566410065,,,,,,,,,,,
13,3889,,,,,0.0523831881582737,,,,,,,,,,,
13,3899,,,,,0.0598158985376358,,,,,,,,,,,
13,3909,,,,,0.05514908954501152,,,,,,,,,,,
13,3919,,,,,0.05779866874217987,,,,,,,,,,,
13,3929,,,,,0.057378701865673065,,,,,,,,,,,
13,3939,,,,,0.05571652576327324,,,,,,,,,,,
13,3949,,,,,0.059126660227775574,,,,,,,,,,,
13,3959,,,,,0.05796264484524727,,,,,,,,,,,
13,13,0.0778829702016615,84.8045669951989,,,,,,,,,,,,,,
13,3961,,,,,,0.05776840075850487,,,,,,,,,,
14,3969,,,,,0.058315709233284,,,,,,,,,,,
14,3979,,,,,0.057927899062633514,,,,,,,,,,,
14,3989,,,,,0.05702541396021843,,,,,,,,,,,
14,3999,,,,,0.056386325508356094,,,,,,,,,,,
14,4009,,,,,0.05574680119752884,,,,,,,,,,,
14,4019,,,,,0.05740329995751381,,,,,,,,,,,
14,4029,,,,,0.06325466185808182,,,,,,,,,,,
14,4039,,,,,0.0523313507437706,,,,,,,,,,,
14,4049,,,,,0.05483343452215195,,,,,,,,,,,
14,4059,,,,,0.05780499055981636,,,,,,,,,,,
14,4069,,,,,0.05536727234721184,,,,,,,,,,,
14,4079,,,,,0.05506647750735283,,,,,,,,,,,
14,4089,,,,,0.05795285478234291,,,,,,,,,,,
14,4099,,,,,0.05501232296228409,,,,,,,,,,,
14,4109,,,,,0.059573642909526825,,,,,,,,,,,
14,4119,,,,,0.058816831558942795,,,,,,,,,,,
14,4129,,,,,0.059577781707048416,,,,,,,,,,,
14,4139,,,,,0.05884953588247299,,,,,,,,,,,
14,4149,,,,,0.06457972526550293,,,,,,,,,,,
14,4159,,,,,0.05748153105378151,,,,,,,,,,,
14,4169,,,,,0.0543876513838768,,,,,,,,,,,
14,4179,,,,,0.05894659832119942,,,,,,,,,,,
14,4189,,,,,0.05687403306365013,,,,,,,,,,,
14,4199,,,,,0.056725554168224335,,,,,,,,,,,
14,4209,,,,,0.058516062796115875,,,,,,,,,,,
14,4219,,,,,0.05867866054177284,,,,,,,,,,,
14,4229,,,,,0.05558166280388832,,,,,,,,,,,
14,4239,,,,,0.05468399450182915,,,,,,,,,,,
14,14,0.0839350461287799,84.46932049252611,,,,,,,,,,,,,,
14,4244,,,,,,0.057691436260938644,,,,,,,,,,
15,4249,,,,,0.05932341888546944,,,,,,,,,,,
15,4259,,,,,0.06254184246063232,,,,,,,,,,,
15,4269,,,,,0.05822435021400452,,,,,,,,,,,
15,4279,,,,,0.06002061441540718,,,,,,,,,,,
15,4289,,,,,0.05667916685342789,,,,,,,,,,,
15,4299,,,,,0.05461009219288826,,,,,,,,,,,
15,4309,,,,,0.056686289608478546,,,,,,,,,,,
15,4319,,,,,0.059523239731788635,,,,,,,,,,,
15,4329,,,,,0.05904119834303856,,,,,,,,,,,
15,4339,,,,,0.05753760784864426,,,,,,,,,,,
15,4349,,,,,0.05890795588493347,,,,,,,,,,,
15,4359,,,,,0.06007249653339386,,,,,,,,,,,
15,4369,,,,,0.05363781750202179,,,,,,,,,,,
15,4379,,,,,0.05780104920268059,,,,,,,,,,,
15,4389,,,,,0.05522507056593895,,,,,,,,,,,
15,4399,,,,,0.05446905270218849,,,,,,,,,,,
15,4409,,,,,0.052339818328619,,,,,,,,,,,
15,4419,,,,,0.06009344384074211,,,,,,,,,,,
15,4429,,,,,0.057955529540777206,,,,,,,,,,,
15,4439,,,,,0.05804717168211937,,,,,,,,,,,
15,4449,,,,,0.0598013736307621,,,,,,,,,,,
15,4459,,,,,0.05419842526316643,,,,,,,,,,,
15,4469,,,,,0.055816650390625,,,,,,,,,,,
15,4479,,,,,0.06200788542628288,,,,,,,,,,,
15,4489,,,,,0.054040879011154175,,,,,,,,,,,
15,4499,,,,,0.05775471776723862,,,,,,,,,,,
15,4509,,,,,0.05238441005349159,,,,,,,,,,,
15,4519,,,,,0.05765560269355774,,,,,,,,,,,
15,15,0.06400203462842843,84.14159934353812,,,,,,,,,,,,,,
15,4527,,,,,,0.057723432779312134,,,,,,,,,,
16,4529,,,,,0.05845123156905174,,,,,,,,,,,
16,4539,,,,,0.05746009200811386,,,,,,,,,,,
16,4549,,,,,0.057455919682979584,,,,,,,,,,,
16,4559,,,,,0.05631853640079498,,,,,,,,,,,
16,4569,,,,,0.057980310171842575,,,,,,,,,,,
16,4579,,,,,0.058361295610666275,,,,,,,,,,,
16,4589,,,,,0.05569487065076828,,,,,,,,,,,
16,4599,,,,,0.05623406916856766,,,,,,,,,,,
16,4609,,,,,0.0563051700592041,,,,,,,,,,,
16,4619,,,,,0.05767789110541344,,,,,,,,,,,
16,4629,,,,,0.061049699783325195,,,,,,,,,,,
16,4639,,,,,0.058996398001909256,,,,,,,,,,,
16,4649,,,,,0.05698752775788307,,,,,,,,,,,
16,4659,,,,,0.05981893837451935,,,,,,,,,,,
16,4669,,,,,0.05919388309121132,,,,,,,,,,,
16,4679,,,,,0.05736307054758072,,,,,,,,,,,
16,4689,,,,,0.05431739240884781,,,,,,,,,,,
16,4699,,,,,0.06141161918640137,,,,,,,,,,,
16,4709,,,,,0.05856657028198242,,,,,,,,,,,
16,4719,,,,,0.059619463980197906,,,,,,,,,,,
16,4729,,,,,0.05681547522544861,,,,,,,,,,,
16,4739,,,,,0.057650744915008545,,,,,,,,,,,
16,4749,,,,,0.05497974529862404,,,,,,,,,,,
16,4759,,,,,0.057071417570114136,,,,,,,,,,,
16,4769,,,,,0.05826982110738754,,,,,,,,,,,
16,4779,,,,,0.05865132436156273,,,,,,,,,,,
16,4789,,,,,0.06051108241081238,,,,,,,,,,,
16,4799,,,,,0.05890049785375595,,,,,,,,,,,
16,4809,,,,,0.058862749487161636,,,,,,,,,,,
16,16,0.06691510443087992,83.8077232556898,,,,,,,,,,,,,,
16,4810,,,,,,0.057652752846479416,,,,,,,,,,
17,4819,,,,,0.06250756978988647,,,,,,,,,,,
17,4829,,,,,0.05730736628174782,,,,,,,,,,,
17,4839,,,,,0.056284237653017044,,,,,,,,,,,
17,4849,,,,,0.057521700859069824,,,,,,,,,,,
17,4859,,,,,0.05918515473604202,,,,,,,,,,,
17,4869,,,,,0.05453303083777428,,,,,,,,,,,
17,4879,,,,,0.05659079924225807,,,,,,,,,,,
17,4889,,,,,0.05868835374712944,,,,,,,,,,,
17,4899,,,,,0.05819383263587952,,,,,,,,,,,
17,4909,,,,,0.056996338069438934,,,,,,,,,,,
17,4919,,,,,0.05929107591509819,,,,,,,,,,,
17,4929,,,,,0.05766117945313454,,,,,,,,,,,
17,4939,,,,,0.059518713504076004,,,,,,,,,,,
17,4949,,,,,0.054592277854681015,,,,,,,,,,,
17,4959,,,,,0.062274057418107986,,,,,,,,,,,
17,4969,,,,,0.057918380945920944,,,,,,,,,,,
17,4979,,,,,0.054477136582136154,,,,,,,,,,,
17,4989,,,,,0.056707702577114105,,,,,,,,,,,
17,4999,,,,,0.0593881830573082,,,,,,,,,,,
17,5009,,,,,0.05575411394238472,,,,,,,,,,,
17,5019,,,,,0.06122543662786484,,,,,,,,,,,
17,5029,,,,,0.05462879315018654,,,,,,,,,,,
17,5039,,,,,0.05894625559449196,,,,,,,,,,,
17,5049,,,,,0.05970149487257004,,,,,,,,,,,
17,5059,,,,,0.06053072214126587,,,,,,,,,,,
17,5069,,,,,0.059857144951820374,,,,,,,,,,,
17,5079,,,,,0.05925299972295761,,,,,,,,,,,
17,5089,,,,,0.060416433960199356,,,,,,,,,,,
17,17,0.05409695668652959,83.47071520438104,,,,,,,,,,,,,,
17,5093,,,,,,0.05762491747736931,,,,,,,,,,
18,5099,,,,,0.05910804122686386,,,,,,,,,,,
18,5109,,,,,0.05549195408821106,,,,,,,,,,,
18,5119,,,,,0.053352415561676025,,,,,,,,,,,
18,5129,,,,,0.05739330127835274,,,,,,,,,,,
18,5139,,,,,0.059720590710639954,,,,,,,,,,,
18,5149,,,,,0.05658264458179474,,,,,,,,,,,
18,5159,,,,,0.05972640961408615,,,,,,,,,,,
18,5169,,,,,0.05465727299451828,,,,,,,,,,,
18,5179,,,,,0.05452507734298706,,,,,,,,,,,
18,5189,,,,,0.05647122114896774,,,,,,,,,,,
18,5199,,,,,0.05570099875330925,,,,,,,,,,,
18,5209,,,,,0.060186028480529785,,,,,,,,,,,
18,5219,,,,,0.06109286844730377,,,,,,,,,,,
18,5229,,,,,0.054716479033231735,,,,,,,,,,,
18,5239,,,,,0.06098860874772072,,,,,,,,,,,
18,5249,,,,,0.05946271866559982,,,,,,,,,,,
18,5259,,,,,0.05851873755455017,,,,,,,,,,,
18,5269,,,,,0.055502526462078094,,,,,,,,,,,
18,5279,,,,,0.05414798483252525,,,,,,,,,,,
18,5289,,,,,0.05883112549781799,,,,,,,,,,,
18,5299,,,,,0.056592028588056564,,,,,,,,,,,
18,5309,,,,,0.05690758675336838,,,,,,,,,,,
18,5319,,,,,0.05221923813223839,,,,,,,,,,,
18,5329,,,,,0.057739898562431335,,,,,,,,,,,
18,5339,,,,,0.0583605095744133,,,,,,,,,,,
18,5349,,,,,0.05718498304486275,,,,,,,,,,,
18,5359,,,,,0.06015465036034584,,,,,,,,,,,
18,5369,,,,,0.05932457745075226,,,,,,,,,,,
18,18,0.04555052550804995,83.1335305004978,,,,,,,,,,,,,,
18,5376,,,,,,0.05766472965478897,,,,,,,,,,
19,5379,,,,,0.05823315307497978,,,,,,,,,,,
19,5389,,,,,0.05491623282432556,,,,,,,,,,,
19,5399,,,,,0.0543057844042778,,,,,,,,,,,
19,5409,,,,,0.05728235840797424,,,,,,,,,,,
19,5419,,,,,0.05381208285689354,,,,,,,,,,,
19,5429,,,,,0.060626767575740814,,,,,,,,,,,
19,5439,,,,,0.056900110095739365,,,,,,,,,,,
19,5449,,,,,0.056373801082372665,,,,,,,,,,,
19,5459,,,,,0.059140026569366455,,,,,,,,,,,
19,5469,,,,,0.05974852293729782,,,,,,,,,,,
19,5479,,,,,0.062080565840005875,,,,,,,,,,,
19,5489,,,,,0.05771102011203766,,,,,,,,,,,
19,5499,,,,,0.056999627500772476,,,,,,,,,,,
19,5509,,,,,0.05734037980437279,,,,,,,,,,,
19,5519,,,,,0.06434717029333115,,,,,,,,,,,
19,5529,,,,,0.05746658891439438,,,,,,,,,,,
19,5539,,,,,0.055897220969200134,,,,,,,,,,,
19,5549,,,,,0.05675722658634186,,,,,,,,,,,
19,5559,,,,,0.05389007553458214,,,,,,,,,,,
19,5569,,,,,0.057496752589941025,,,,,,,,,,,
19,5579,,,,,0.05859113112092018,,,,,,,,,,,
19,5589,,,,,0.057205941528081894,,,,,,,,,,,
19,5599,,,,,0.05942239239811897,,,,,,,,,,,
19,5609,,,,,0.05927899107336998,,,,,,,,,,,
19,5619,,,,,0.05667658522725105,,,,,,,,,,,
19,5629,,,,,0.05851595476269722,,,,,,,,,,,
19,5639,,,,,0.05701155960559845,,,,,,,,,,,
19,5649,,,,,0.05840747058391571,,,,,,,,,,,
19,5659,,,,,0.059830766171216965,,,,,,,,,,,
19,19,,,0.4999752640724182,0.0,,,0.05711865240825481,0.014148392714560032,,0.4950164556503296,,0.0,,0.0575004389357506,,0.01451558992266655
19,5659,,,,,,,,,0.4950164556503296,,0.0,,0.0575004406273365,,0.01451558992266655,
19,19,0.037582393947369556,82.77910532081754,,,,,,,,,,,,,,
19,5659,,,,,,0.05757073685526848,,,,,,,,,,
20,5669,,,,,0.06348270177841187,,,,,,,,,,,
20,5679,,,,,0.058393705636262894,,,,,,,,,,,
20,5689,,,,,0.05653049051761627,,,,,,,,,,,
20,5699,,,,,0.05838876962661743,,,,,,,,,,,
20,5709,,,,,0.05390065908432007,,,,,,,,,,,
20,5719,,,,,0.0618758425116539,,,,,,,,,,,
20,5729,,,,,0.057997167110443115,,,,,,,,,,,
20,5739,,,,,0.05847504734992981,,,,,,,,,,,
20,5749,,,,,0.0583585724234581,,,,,,,,,,,
20,5759,,,,,0.056539617478847504,,,,,,,,,,,
20,5769,,,,,0.05604760721325874,,,,,,,,,,,
20,5779,,,,,0.05520974472165108,,,,,,,,,,,
20,5789,,,,,0.05665615200996399,,,,,,,,,,,
20,5799,,,,,0.05846041068434715,,,,,,,,,,,
20,5809,,,,,0.06217336282134056,,,,,,,,,,,
20,5819,,,,,0.05601634457707405,,,,,,,,,,,
20,5829,,,,,0.05717422813177109,,,,,,,,,,,
20,5839,,,,,0.05577040836215019,,,,,,,,,,,
20,5849,,,,,0.05565078556537628,,,,,,,,,,,
20,5859,,,,,0.05763494595885277,,,,,,,,,,,
20,5869,,,,,0.05525311082601547,,,,,,,,,,,
20,5879,,,,,0.054009463638067245,,,,,,,,,,,
20,5889,,,,,0.05455499887466431,,,,,,,,,,,
20,5899,,,,,0.058762699365615845,,,,,,,,,,,
20,5909,,,,,0.05958406254649162,,,,,,,,,,,
20,5919,,,,,0.0559777095913887,,,,,,,,,,,
20,5929,,,,,0.057563766837120056,,,,,,,,,,,
20,5939,,,,,0.05875450372695923,,,,,,,,,,,
20,20,0.03586579553109238,82.42255658669781,,,,,,,,,,,,,,
20,5942,,,,,,0.05752663314342499,,,,,,,,,,
21,5949,,,,,0.05782216042280197,,,,,,,,,,,
21,5959,,,,,0.05872974544763565,,,,,,,,,,,
21,5969,,,,,0.056028611958026886,,,,,,,,,,,
21,5979,,,,,0.0564420148730278,,,,,,,,,,,
21,5989,,,,,0.06101487949490547,,,,,,,,,,,
21,5999,,,,,0.05666235089302063,,,,,,,,,,,
21,6009,,,,,0.0559706836938858,,,,,,,,,,,
21,6019,,,,,0.060010503977537155,,,,,,,,,,,
21,6029,,,,,0.05476631969213486,,,,,,,,,,,
21,6039,,,,,0.05480898171663284,,,,,,,,,,,
21,6049,,,,,0.05734146758913994,,,,,,,,,,,
21,6059,,,,,0.0569622777402401,,,,,,,,,,,
21,6069,,,,,0.054067157208919525,,,,,,,,,,,
21,6079,,,,,0.058122482150793076,,,,,,,,,,,
21,6089,,,,,0.056551333516836166,,,,,,,,,,,
21,6099,,,,,0.05668995901942253,,,,,,,,,,,
21,6109,,,,,0.05492553487420082,,,,,,,,,,,
21,6119,,,,,0.058520104736089706,,,,,,,,,,,
21,6129,,,,,0.058617137372493744,,,,,,,,,,,
21,6139,,,,,0.05397430434823036,,,,,,,,,,,
21,6149,,,,,0.05738982558250427,,,,,,,,,,,
21,6159,,,,,0.05681544542312622,,,,,,,,,,,
21,6169,,,,,0.058778319507837296,,,,,,,,,,,
21,6179,,,,,0.06042548641562462,,,,,,,,,,,
21,6189,,,,,0.05730282515287399,,,,,,,,,,,
21,6199,,,,,0.055882345885038376,,,,,,,,,,,
21,6209,,,,,0.057567209005355835,,,,,,,,,,,
21,6219,,,,,0.05693797394633293,,,,,,,,,,,
21,21,0.04340448535619914,82.05362283818931,,,,,,,,,,,,,,
21,6225,,,,,,0.057541366666555405,,,,,,,,,,
22,6229,,,,,0.05726517364382744,,,,,,,,,,,
22,6239,,,,,0.05555074289441109,,,,,,,,,,,
22,6249,,,,,0.057626817375421524,,,,,,,,,,,
22,6259,,,,,0.05579002574086189,,,,,,,,,,,
22,6269,,,,,0.059359360486269,,,,,,,,,,,
22,6279,,,,,0.054122764617204666,,,,,,,,,,,
22,6289,,,,,0.06108327582478523,,,,,,,,,,,
22,6299,,,,,0.05920121446251869,,,,,,,,,,,
22,6309,,,,,0.05827631801366806,,,,,,,,,,,
22,6319,,,,,0.05906927213072777,,,,,,,,,,,
22,6329,,,,,0.05839427188038826,,,,,,,,,,,
22,6339,,,,,0.0550847165286541,,,,,,,,,,,
22,6349,,,,,0.05952630564570427,,,,,,,,,,,
22,6359,,,,,0.056879330426454544,,,,,,,,,,,
22,6369,,,,,0.06317389756441116,,,,,,,,,,,
22,6379,,,,,0.05645003542304039,,,,,,,,,,,
22,6389,,,,,0.05855723097920418,,,,,,,,,,,
22,6399,,,,,0.057380542159080505,,,,,,,,,,,
22,6409,,,,,0.05858861654996872,,,,,,,,,,,
22,6419,,,,,0.058396678417921066,,,,,,,,,,,
22,6429,,,,,0.05601334199309349,,,,,,,,,,,
22,6439,,,,,0.05633900687098503,,,,,,,,,,,
22,6449,,,,,0.059792760759592056,,,,,,,,,,,
22,6459,,,,,0.06096993386745453,,,,,,,,,,,
22,6469,,,,,0.05688360333442688,,,,,,,,,,,
22,6479,,,,,0.06033382937312126,,,,,,,,,,,
22,6489,,,,,0.055044371634721756,,,,,,,,,,,
22,6499,,,,,0.05495871603488922,,,,,,,,,,,
22,22,0.037918106300379006,81.67312827681167,,,,,,,,,,,,,,
22,6508,,,,,,0.057535313069820404,,,,,,,,,,
23,6509,,,,,0.05558459833264351,,,,,,,,,,,
23,6519,,,,,0.06001345068216324,,,,,,,,,,,
23,6529,,,,,0.05633861571550369,,,,,,,,,,,
23,6539,,,,,0.0585823655128479,,,,,,,,,,,
23,6549,,,,,0.05803561955690384,,,,,,,,,,,
23,6559,,,,,0.05701475217938423,,,,,,,,,,,
23,6569,,,,,0.05563882738351822,,,,,,,,,,,
23,6579,,,,,0.0596422515809536,,,,,,,,,,,
23,6589,,,,,0.0556594654917717,,,,,,,,,,,
23,6599,,,,,0.0592341311275959,,,,,,,,,,,
23,6609,,,,,0.0596248023211956,,,,,,,,,,,
23,6619,,,,,0.06055518612265587,,,,,,,,,,,
23,6629,,,,,0.05921561270952225,,,,,,,,,,,
23,6639,,,,,0.05833255499601364,,,,,,,,,,,
23,6649,,,,,0.060230907052755356,,,,,,,,,,,
23,6659,,,,,0.05677894875407219,,,,,,,,,,,
23,6669,,,,,0.06158065050840378,,,,,,,,,,,
23,6679,,,,,0.059643931686878204,,,,,,,,,,,
23,6689,,,,,0.056651268154382706,,,,,,,,,,,
23,6699,,,,,0.058247387409210205,,,,,,,,,,,
23,6709,,,,,0.060288216918706894,,,,,,,,,,,
23,6719,,,,,0.05923370271921158,,,,,,,,,,,
23,6729,,,,,0.05709227919578552,,,,,,,,,,,
23,6739,,,,,0.059006430208683014,,,,,,,,,,,
23,6749,,,,,0.055974993854761124,,,,,,,,,,,
23,6759,,,,,0.05941031500697136,,,,,,,,,,,
23,6769,,,,,0.0581037700176239,,,,,,,,,,,
23,6779,,,,,0.057615648955106735,,,,,,,,,,,
23,6789,,,,,0.05926399305462837,,,,,,,,,,,
23,23,0.03785946369881889,81.28626691035015,,,,,,,,,,,,,,
23,6791,,,,,,0.057509664446115494,,,,,,,,,,
24,6799,,,,,0.05602839216589928,,,,,,,,,,,
24,6809,,,,,0.05990051105618477,,,,,,,,,,,
24,6819,,,,,0.05399644747376442,,,,,,,,,,,
24,6829,,,,,0.056751798838377,,,,,,,,,,,
24,6839,,,,,0.052839551120996475,,,,,,,,,,,
24,6849,,,,,0.06012318655848503,,,,,,,,,,,
24,6859,,,,,0.0587853379547596,,,,,,,,,,,
24,6869,,,,,0.05757172778248787,,,,,,,,,,,
24,6879,,,,,0.05601784586906433,,,,,,,,,,,
24,6889,,,,,0.057384710758924484,,,,,,,,,,,
24,6899,,,,,0.054606515914201736,,,,,,,,,,,
24,6909,,,,,0.05493883416056633,,,,,,,,,,,
24,6919,,,,,0.057480987161397934,,,,,,,,,,,
24,6929,,,,,0.05363893881440163,,,,,,,,,,,
24,6939,,,,,0.06157106161117554,,,,,,,,,,,
24,6949,,,,,0.05471833795309067,,,,,,,,,,,
24,6959,,,,,0.05639205127954483,,,,,,,,,,,
24,6969,,,,,0.05838761478662491,,,,,,,,,,,
24,6979,,,,,0.05873531475663185,,,,,,,,,,,
24,6989,,,,,0.057981543242931366,,,,,,,,,,,
24,6999,,,,,0.06276823580265045,,,,,,,,,,,
24,7009,,,,,0.05821773409843445,,,,,,,,,,,
24,7019,,,,,0.056201446801424026,,,,,,,,,,,
24,7029,,,,,0.056966885924339294,,,,,,,,,,,
24,7039,,,,,0.05796629562973976,,,,,,,,,,,
24,7049,,,,,0.060354337096214294,,,,,,,,,,,
24,7059,,,,,0.057189859449863434,,,,,,,,,,,
24,7069,,,,,0.05823787674307823,,,,,,,,,,,
24,24,0.034014128437122496,80.89176344632942,,,,,,,,,,,,,,
24,7074,,,,,,0.057534363120794296,,,,,,,,,,
25,7079,,,,,0.05830364301800728,,,,,,,,,,,
25,7089,,,,,0.05786824971437454,,,,,,,,,,,
25,7099,,,,,0.05705792084336281,,,,,,,,,,,
25,7109,,,,,0.06011449918150902,,,,,,,,,,,
25,7119,,,,,0.05500449240207672,,,,,,,,,,,
25,7129,,,,,0.057348210364580154,,,,,,,,,,,
25,7139,,,,,0.058624546974897385,,,,,,,,,,,
25,7149,,,,,0.05451788008213043,,,,,,,,,,,
25,7159,,,,,0.05636732652783394,,,,,,,,,,,
25,7169,,,,,0.06114631146192551,,,,,,,,,,,
25,7179,,,,,0.05269194021821022,,,,,,,,,,,
25,7189,,,,,0.059807006269693375,,,,,,,,,,,
25,7199,,,,,0.058775365352630615,,,,,,,,,,,
25,7209,,,,,0.058636438101530075,,,,,,,,,,,
25,7219,,,,,0.057411424815654755,,,,,,,,,,,
25,7229,,,,,0.05869077146053314,,,,,,,,,,,
25,7239,,,,,0.05739201605319977,,,,,,,,,,,
25,7249,,,,,0.05856658145785332,,,,,,,,,,,
25,7259,,,,,0.05614500492811203,,,,,,,,,,,
25,7269,,,,,0.060696616768836975,,,,,,,,,,,
25,7279,,,,,0.058504730463027954,,,,,,,,,,,
25,7289,,,,,0.059577878564596176,,,,,,,,,,,
25,7299,,,,,0.05711778253316879,,,,,,,,,,,
25,7309,,,,,0.05450355261564255,,,,,,,,,,,
25,7319,,,,,0.061333030462265015,,,,,,,,,,,
25,7329,,,,,0.05835108458995819,,,,,,,,,,,
25,7339,,,,,0.055991318076848984,,,,,,,,,,,
25,7349,,,,,0.05502758175134659,,,,,,,,,,,
25,25,0.03212349640990209,80.49426389836876,,,,,,,,,,,,,,
25,7357,,,,,,0.05749772489070892,,,,,,,,,,
26,7359,,,,,0.05916990712285042,,,,,,,,,,,
26,7369,,,,,0.05539238080382347,,,,,,,,,,,
26,7379,,,,,0.054655808955430984,,,,,,,,,,,
26,7389,,,,,0.056203048676252365,,,,,,,,,,,
26,7399,,,,,0.05531294271349907,,,,,,,,,,,
26,7409,,,,,0.05667082965373993,,,,,,,,,,,
26,7419,,,,,0.05661318078637123,,,,,,,,,,,
26,7429,,,,,0.06071384251117706,,,,,,,,,,,
26,7439,,,,,0.05577957630157471,,,,,,,,,,,
26,7449,,,,,0.05561617389321327,,,,,,,,,,,
26,7459,,,,,0.05083972215652466,,,,,,,,,,,
26,7469,,,,,0.05613921955227852,,,,,,,,,,,
26,7479,,,,,0.05608313903212547,,,,,,,,,,,
26,7489,,,,,0.05773498862981796,,,,,,,,,,,
26,7499,,,,,0.05613599717617035,,,,,,,,,,,
26,7509,,,,,0.05857928469777107,,,,,,,,,,,
26,7519,,,,,0.057624973356723785,,,,,,,,,,,
26,7529,,,,,0.05839833989739418,,,,,,,,,,,
26,7539,,,,,0.05586238205432892,,,,,,,,,,,
26,7549,,,,,0.06042126193642616,,,,,,,,,,,
26,7559,,,,,0.058501604944467545,,,,,,,,,,,
26,7569,,,,,0.059498000890016556,,,,,,,,,,,
26,7579,,,,,0.057252414524555206,,,,,,,,,,,
26,7589,,,,,0.056425534188747406,,,,,,,,,,,
26,7599,,,,,0.055431999266147614,,,,,,,,,,,
26,7609,,,,,0.05705273151397705,,,,,,,,,,,
26,7619,,,,,0.05938386172056198,,,,,,,,,,,
26,7629,,,,,0.058175913989543915,,,,,,,,,,,
26,7639,,,,,0.056587375700473785,,,,,,,,,,,
26,26,0.030289112544619433,80.07359660298141,,,,,,,,,,,,,,
26,7640,,,,,,0.05748346820473671,,,,,,,,,,
27,7649,,,,,0.0573250837624073,,,,,,,,,,,
27,7659,,,,,0.057241931557655334,,,,,,,,,,,
27,7669,,,,,0.05857779458165169,,,,,,,,,,,
27,7679,,,,,0.05252225324511528,,,,,,,,,,,
27,7689,,,,,0.060156237334012985,,,,,,,,,,,
27,7699,,,,,0.057538192719221115,,,,,,,,,,,
27,7709,,,,,0.05433698743581772,,,,,,,,,,,
27,7719,,,,,0.056847941130399704,,,,,,,,,,,
27,7729,,,,,0.06021825969219208,,,,,,,,,,,
27,7739,,,,,0.06180226430296898,,,,,,,,,,,
27,7749,,,,,0.05426832661032677,,,,,,,,,,,
27,7759,,,,,0.05959639698266983,,,,,,,,,,,
27,7769,,,,,0.05726286396384239,,,,,,,,,,,
27,7779,,,,,0.0561070553958416,,,,,,,,,,,
27,7789,,,,,0.05526619777083397,,,,,,,,,,,
27,7799,,,,,0.06160715967416763,,,,,,,,,,,
27,7809,,,,,0.05895768851041794,,,,,,,,,,,
27,7819,,,,,0.05444147065281868,,,,,,,,,,,
27,7829,,,,,0.05823250114917755,,,,,,,,,,,
27,7839,,,,,0.060144610702991486,,,,,,,,,,,
27,7849,,,,,0.0601516030728817,,,,,,,,,,,
27,7859,,,,,0.05692529305815697,,,,,,,,,,,
27,7869,,,,,0.05726734548807144,,,,,,,,,,,
27,7879,,,,,0.052957456558942795,,,,,,,,,,,
27,7889,,,,,0.05362996831536293,,,,,,,,,,,
27,7899,,,,,0.058482591062784195,,,,,,,,,,,
27,7909,,,,,0.05771489813923836,,,,,,,,,,,
27,7919,,,,,0.052832622081041336,,,,,,,,,,,
27,27,0.026262056954719445,79.6464469352894,,,,,,,,,,,,,,
27,7923,,,,,,0.057494230568408966,,,,,,,,,,
28,7929,,,,,0.05959238111972809,,,,,,,,,,,
28,7939,,,,,0.0570681095123291,,,,,,,,,,,
28,7949,,,,,0.058347105979919434,,,,,,,,,,,
28,7959,,,,,0.06108105182647705,,,,,,,,,,,
28,7969,,,,,0.05483780428767204,,,,,,,,,,,
28,7979,,,,,0.05798622965812683,,,,,,,,,,,
28,7989,,,,,0.055418871343135834,,,,,,,,,,,
28,7999,,,,,0.055264610797166824,,,,,,,,,,,
28,8009,,,,,0.055683691054582596,,,,,,,,,,,
28,8019,,,,,0.059023790061473846,,,,,,,,,,,
28,8029,,,,,0.05561183765530586,,,,,,,,,,,
28,8039,,,,,0.057754747569561005,,,,,,,,,,,
28,8049,,,,,0.06155626103281975,,,,,,,,,,,
28,8059,,,,,0.05530275031924248,,,,,,,,,,,
28,8069,,,,,0.055966466665267944,,,,,,,,,,,
28,8079,,,,,0.05605044960975647,,,,,,,,,,,
28,8089,,,,,0.0542619563639164,,,,,,,,,,,
28,8099,,,,,0.059224460273981094,,,,,,,,,,,
28,8109,,,,,0.05814077705144882,,,,,,,,,,,
28,8119,,,,,0.0625874400138855,,,,,,,,,,,
28,8129,,,,,0.05632385239005089,,,,,,,,,,,
28,8139,,,,,0.06332391500473022,,,,,,,,,,,
28,8149,,,,,0.059483807533979416,,,,,,,,,,,
28,8159,,,,,0.05664097145199776,,,,,,,,,,,
28,8169,,,,,0.057487793266773224,,,,,,,,,,,
28,8179,,,,,0.06247410178184509,,,,,,,,,,,
28,8189,,,,,0.0561990961432457,,,,,,,,,,,
28,8199,,,,,0.05632409453392029,,,,,,,,,,,
28,28,0.02742051278749519,79.22096006012667,,,,,,,,,,,,,,
28,8206,,,,,,0.057484451681375504,,,,,,,,,,
29,8209,,,,,0.05963374301791191,,,,,,,,,,,
29,8219,,,,,0.05704791843891144,,,,,,,,,,,
29,8229,,,,,0.056100811809301376,,,,,,,,,,,
29,8239,,,,,0.0621410496532917,,,,,,,,,,,
29,8249,,,,,0.05661777779459953,,,,,,,,,,,
29,8259,,,,,0.05606618523597717,,,,,,,,,,,
29,8269,,,,,0.05599353462457657,,,,,,,,,,,
29,8279,,,,,0.05787515267729759,,,,,,,,,,,
29,8289,,,,,0.05496402457356453,,,,,,,,,,,
29,8299,,,,,0.060023825615644455,,,,,,,,,,,
29,8309,,,,,0.05722532793879509,,,,,,,,,,,
29,8319,,,,,0.056818246841430664,,,,,,,,,,,
29,8329,,,,,0.056816741824150085,,,,,,,,,,,
29,8339,,,,,0.052217479795217514,,,,,,,,,,,
29,8349,,,,,0.058323703706264496,,,,,,,,,,,
29,8359,,,,,0.060311004519462585,,,,,,,,,,,
29,8369,,,,,0.06295207142829895,,,,,,,,,,,
29,8379,,,,,0.05567241832613945,,,,,,,,,,,
29,8389,,,,,0.056288231164216995,,,,,,,,,,,
29,8399,,,,,0.06211783364415169,,,,,,,,,,,
29,8409,,,,,0.06003063917160034,,,,,,,,,,,
29,8419,,,,,0.06033530831336975,,,,,,,,,,,
29,8429,,,,,0.058587975800037384,,,,,,,,,,,
29,8439,,,,,0.05719155818223953,,,,,,,,,,,
29,8449,,,,,0.05991807579994202,,,,,,,,,,,
29,8459,,,,,0.05545509606599808,,,,,,,,,,,
29,8469,,,,,0.05913584306836128,,,,,,,,,,,
29,8479,,,,,0.058405034244060516,,,,,,,,,,,
29,8489,,,,,0.05532780662178993,,,,,,,,,,,
29,29,,,0.49988603591918945,0.0,,,0.05709055994131056,0.014142177067697048,,0.4977143704891205,,0.0,,0.057462041950499525,,0.01462941151112318
29,8489,,,,,,,,,0.4977143704891205,,0.0,,0.05746204033493996,,0.01462941151112318,
29,29,0.02696487518856776,78.77754310725751,,,,,,,,,,,,,,
29,8489,,,,,,0.057453591376543045,,,,,,,,,,
30,8499,,,,,0.057811930775642395,,,,,,,,,,,
30,8509,,,,,0.055357590317726135,,,,,,,,,,,
30,8519,,,,,0.05418012663722038,,,,,,,,,,,
30,8529,,,,,0.05915341526269913,,,,,,,,,,,
30,8539,,,,,0.05742134898900986,,,,,,,,,,,
30,8549,,,,,0.05937724933028221,,,,,,,,,,,
30,8559,,,,,0.05762448534369469,,,,,,,,,,,
30,8569,,,,,0.05709037929773331,,,,,,,,,,,
30,8579,,,,,0.059294067323207855,,,,,,,,,,,
30,8589,,,,,0.060826800763607025,,,,,,,,,,,
30,8599,,,,,0.05444344878196716,,,,,,,,,,,
30,8609,,,,,0.05815630778670311,,,,,,,,,,,
30,8619,,,,,0.0574614442884922,,,,,,,,,,,
30,8629,,,,,0.05634985864162445,,,,,,,,,,,
30,8639,,,,,0.0566897988319397,,,,,,,,,,,
30,8649,,,,,0.058239951729774475,,,,,,,,,,,
30,8659,,,,,0.056252386420965195,,,,,,,,,,,
30,8669,,,,,0.05717412009835243,,,,,,,,,,,
30,8679,,,,,0.0600467287003994,,,,,,,,,,,
30,8689,,,,,0.05860811471939087,,,,,,,,,,,
30,8699,,,,,0.05835068225860596,,,,,,,,,,,
30,8709,,,,,0.05928343906998634,,,,,,,,,,,
30,8719,,,,,0.05591226741671562,,,,,,,,,,,
30,8729,,,,,0.05689556896686554,,,,,,,,,,,
30,8739,,,,,0.058217551559209824,,,,,,,,,,,
30,8749,,,,,0.05466984584927559,,,,,,,,,,,
30,8759,,,,,0.05809876695275307,,,,,,,,,,,
30,8769,,,,,0.06042260676622391,,,,,,,,,,,
30,30,0.02660392750770418,78.32835534295195,,,,,,,,,,,,,,
30,8772,,,,,,0.05742964521050453,,,,,,,,,,
31,8779,,,,,0.05553411692380905,,,,,,,,,,,
31,8789,,,,,0.05949009954929352,,,,,,,,,,,
31,8799,,,,,0.05707109346985817,,,,,,,,,,,
31,8809,,,,,0.062255967408418655,,,,,,,,,,,
31,8819,,,,,0.05620475858449936,,,,,,,,,,,
31,8829,,,,,0.055931877344846725,,,,,,,,,,,
31,8839,,,,,0.058563683182001114,,,,,,,,,,,
31,8849,,,,,0.056994952261447906,,,,,,,,,,,
31,8859,,,,,0.058320287615060806,,,,,,,,,,,
31,8869,,,,,0.05473041906952858,,,,,,,,,,,
31,8879,,,,,0.05640822649002075,,,,,,,,,,,
31,8889,,,,,0.056775327771902084,,,,,,,,,,,
31,8899,,,,,0.05716301128268242,,,,,,,,,,,
31,8909,,,,,0.05781732127070427,,,,,,,,,,,
31,8919,,,,,0.05556283891201019,,,,,,,,,,,
31,8929,,,,,0.05298081040382385,,,,,,,,,,,
31,8939,,,,,0.05836404860019684,,,,,,,,,,,
31,8949,,,,,0.05737406015396118,,,,,,,,,,,
31,8959,,,,,0.05840380862355232,,,,,,,,,,,
31,8969,,,,,0.05726845562458038,,,,,,,,,,,
31,8979,,,,,0.058603543788194656,,,,,,,,,,,
31,8989,,,,,0.054914865642786026,,,,,,,,,,,
31,8999,,,,,0.05813203006982803,,,,,,,,,,,
31,9009,,,,,0.0562283992767334,,,,,,,,,,,
31,9019,,,,,0.05953455716371536,,,,,,,,,,,
31,9029,,,,,0.060969140380620956,,,,,,,,,,,
31,9039,,,,,0.05520138517022133,,,,,,,,,,,
31,9049,,,,,0.056952256709337234,,,,,,,,,,,
31,31,0.027347232639295158,77.87889046220826,,,,,,,,,,,,,,
31,9055,,,,,,0.05744500458240509,,,,,,,,,,
32,9059,,,,,0.05908636376261711,,,,,,,,,,,
32,9069,,,,,0.060171939432621,,,,,,,,,,,
32,9079,,,,,0.0572916679084301,,,,,,,,,,,
32,9089,,,,,0.06203695014119148,,,,,,,,,,,
32,9099,,,,,0.05746966227889061,,,,,,,,,,,
32,9109,,,,,0.057879265397787094,,,,,,,,,,,
32,9119,,,,,0.05707425996661186,,,,,,,,,,,
32,9129,,,,,0.059767358005046844,,,,,,,,,,,
32,9139,,,,,0.05428643152117729,,,,,,,,,,,
32,9149,,,,,0.05997379124164581,,,,,,,,,,,
32,9159,,,,,0.060421526432037354,,,,,,,,,,,
32,9169,,,,,0.05598815903067589,,,,,,,,,,,
32,9179,,,,,0.05992273986339569,,,,,,,,,,,
32,9189,,,,,0.0586053766310215,,,,,,,,,,,
32,9199,,,,,0.056713078171014786,,,,,,,,,,,
32,9209,,,,,0.058073654770851135,,,,,,,,,,,
32,9219,,,,,0.055992454290390015,,,,,,,,,,,
32,9229,,,,,0.05384629964828491,,,,,,,,,,,
32,9239,,,,,0.058451682329177856,,,,,,,,,,,
32,9249,,,,,0.05538511648774147,,,,,,,,,,,
32,9259,,,,,0.05620458722114563,,,,,,,,,,,
32,9269,,,,,0.05817488953471184,,,,,,,,,,,
32,9279,,,,,0.05643082782626152,,,,,,,,,,,
32,9289,,,,,0.058466825634241104,,,,,,,,,,,
32,9299,,,,,0.05952071398496628,,,,,,,,,,,
32,9309,,,,,0.05806683376431465,,,,,,,,,,,
32,9319,,,,,0.05777061730623245,,,,,,,,,,,
32,9329,,,,,0.058264657855033875,,,,,,,,,,,
32,32,0.0319636659657992,77.4309022334589,,,,,,,,,,,,,,
32,9338,,,,,,0.057428088039159775,,,,,,,,,,
33,9339,,,,,0.0571090430021286,,,,,,,,,,,
33,9349,,,,,0.05680849030613899,,,,,,,,,,,
33,9359,,,,,0.052288156002759933,,,,,,,,,,,
33,9369,,,,,0.05649219825863838,,,,,,,,,,,
33,9379,,,,,0.060353610664606094,,,,,,,,,,,
33,9389,,,,,0.057513732463121414,,,,,,,,,,,
33,9399,,,,,0.056562114506959915,,,,,,,,,,,
33,9409,,,,,0.05661197379231453,,,,,,,,,,,
33,9419,,,,,0.05881939455866814,,,,,,,,,,,
33,9429,,,,,0.05919208750128746,,,,,,,,,,,
33,9439,,,,,0.05398711934685707,,,,,,,,,,,
33,9449,,,,,0.0544024296104908,,,,,,,,,,,
33,9459,,,,,0.0569964237511158,,,,,,,,,,,
33,9469,,,,,0.05830875039100647,,,,,,,,,,,
33,9479,,,,,0.0569290928542614,,,,,,,,,,,
33,9489,,,,,0.05752360820770264,,,,,,,,,,,
33,9499,,,,,0.05938528850674629,,,,,,,,,,,
33,9509,,,,,0.05718553438782692,,,,,,,,,,,
33,9519,,,,,0.057508282363414764,,,,,,,,,,,
33,9529,,,,,0.05825413763523102,,,,,,,,,,,
33,9539,,,,,0.058158520609140396,,,,,,,,,,,
33,9549,,,,,0.05695972591638565,,,,,,,,,,,
33,9559,,,,,0.05815944820642471,,,,,,,,,,,
33,9569,,,,,0.05818261578679085,,,,,,,,,,,
33,9579,,,,,0.055673178285360336,,,,,,,,,,,
33,9589,,,,,0.054996293038129807,,,,,,,,,,,
33,9599,,,,,0.06008732691407204,,,,,,,,,,,
33,9609,,,,,0.05758063867688179,,,,,,,,,,,
33,9619,,,,,0.058472421020269394,,,,,,,,,,,
33,33,0.02632914630511888,76.97972174187257,,,,,,,,,,,,,,
33,9621,,,,,,0.05740498751401901,,,,,,,,,,
34,9629,,,,,0.058435387909412384,,,,,,,,,,,
34,9639,,,,,0.05733416602015495,,,,,,,,,,,
34,9649,,,,,0.0555276945233345,,,,,,,,,,,
34,9659,,,,,0.057629551738500595,,,,,,,,,,,
34,9669,,,,,0.05589193105697632,,,,,,,,,,,
34,9679,,,,,0.0599929504096508,,,,,,,,,,,
34,9689,,,,,0.05832504853606224,,,,,,,,,,,
34,9699,,,,,0.05386555194854736,,,,,,,,,,,
34,9709,,,,,0.05898747965693474,,,,,,,,,,,
34,9719,,,,,0.05589937046170235,,,,,,,,,,,
34,9729,,,,,0.05872293561697006,,,,,,,,,,,
34,9739,,,,,0.05683387443423271,,,,,,,,,,,
34,9749,,,,,0.057744186371564865,,,,,,,,,,,
34,9759,,,,,0.05847804993391037,,,,,,,,,,,
34,9769,,,,,0.056254711002111435,,,,,,,,,,,
34,9779,,,,,0.05400281399488449,,,,,,,,,,,
34,9789,,,,,0.05723629146814346,,,,,,,,,,,
34,9799,,,,,0.058798953890800476,,,,,,,,,,,
34,9809,,,,,0.0564543791115284,,,,,,,,,,,
34,9819,,,,,0.061301182955503464,,,,,,,,,,,
34,9829,,,,,0.05763603374361992,,,,,,,,,,,
34,9839,,,,,0.056495144963264465,,,,,,,,,,,
34,9849,,,,,0.06092056632041931,,,,,,,,,,,
34,9859,,,,,0.06055177003145218,,,,,,,,,,,
34,9869,,,,,0.06125330552458763,,,,,,,,,,,
34,9879,,,,,0.056481655687093735,,,,,,,,,,,
34,9889,,,,,0.05909654498100281,,,,,,,,,,,
34,9899,,,,,0.057724010199308395,,,,,,,,,,,
34,34,0.025751781299974554,76.54351198658411,,,,,,,,,,,,,,
34,9904,,,,,,0.05744476243853569,,,,,,,,,,
35,9909,,,,,0.058491501957178116,,,,,,,,,,,
35,9919,,,,,0.05663973093032837,,,,,,,,,,,
35,9929,,,,,0.05657992884516716,,,,,,,,,,,
35,9939,,,,,0.056404661387205124,,,,,,,,,,,
35,9949,,,,,0.05770149827003479,,,,,,,,,,,
35,9959,,,,,0.05949615314602852,,,,,,,,,,,
35,9969,,,,,0.05416432395577431,,,,,,,,,,,
35,9979,,,,,0.05650167167186737,,,,,,,,,,,
35,9989,,,,,0.05742499977350235,,,,,,,,,,,
35,9999,,,,,0.0578937865793705,,,,,,,,,,,
35,10009,,,,,0.06202974542975426,,,,,,,,,,,
35,10019,,,,,0.057722531259059906,,,,,,,,,,,
35,10029,,,,,0.05814309045672417,,,,,,,,,,,
35,10039,,,,,0.06151040643453598,,,,,,,,,,,
35,10049,,,,,0.05930350720882416,,,,,,,,,,,
35,10059,,,,,0.05858775973320007,,,,,,,,,,,
35,10069,,,,,0.05568144470453262,,,,,,,,,,,
35,10079,,,,,0.05488777905702591,,,,,,,,,,,
35,10089,,,,,0.05720718950033188,,,,,,,,,,,
35,10099,,,,,0.06423395872116089,,,,,,,,,,,
35,10109,,,,,0.06054670736193657,,,,,,,,,,,
35,10119,,,,,0.060260433703660965,,,,,,,,,,,
35,10129,,,,,0.05351720005273819,,,,,,,,,,,
35,10139,,,,,0.058118369430303574,,,,,,,,,,,
35,10149,,,,,0.061166148632764816,,,,,,,,,,,
35,10159,,,,,0.05467061698436737,,,,,,,,,,,
35,10169,,,,,0.05510958284139633,,,,,,,,,,,
35,10179,,,,,0.057973068207502365,,,,,,,,,,,
35,35,0.0264526249430116,76.10964667346926,,,,,,,,,,,,,,
35,10187,,,,,,0.05739176273345947,,,,,,,,,,
36,10189,,,,,0.05745378136634827,,,,,,,,,,,
36,10199,,,,,0.05658348277211189,,,,,,,,,,,
36,10209,,,,,0.05942771956324577,,,,,,,,,,,
36,10219,,,,,0.05678831785917282,,,,,,,,,,,
36,10229,,,,,0.05723464861512184,,,,,,,,,,,
36,10239,,,,,0.057194650173187256,,,,,,,,,,,
36,10249,,,,,0.05442962422966957,,,,,,,,,,,
36,10259,,,,,0.05486665666103363,,,,,,,,,,,
36,10269,,,,,0.05626111477613449,,,,,,,,,,,
36,10279,,,,,0.05651214346289635,,,,,,,,,,,
36,10289,,,,,0.05534284561872482,,,,,,,,,,,
36,10299,,,,,0.0579189695417881,,,,,,,,,,,
36,10309,,,,,0.05587054416537285,,,,,,,,,,,
36,10319,,,,,0.055880285799503326,,,,,,,,,,,
36,10329,,,,,0.05837109312415123,,,,,,,,,,,
36,10339,,,,,0.056689415127038956,,,,,,,,,,,
36,10349,,,,,0.05813945084810257,,,,,,,,,,,
36,10359,,,,,0.056756358593702316,,,,,,,,,,,
36,10369,,,,,0.055800486356019974,,,,,,,,,,,
36,10379,,,,,0.06071584299206734,,,,,,,,,,,
36,10389,,,,,0.056558676064014435,,,,,,,,,,,
36,10399,,,,,0.06062999740242958,,,,,,,,,,,
36,10409,,,,,0.050729069858789444,,,,,,,,,,,
36,10419,,,,,0.05461525917053223,,,,,,,,,,,
36,10429,,,,,0.05782637745141983,,,,,,,,,,,
36,10439,,,,,0.05684531107544899,,,,,,,,,,,
36,10449,,,,,0.059010013937950134,,,,,,,,,,,
36,10459,,,,,0.053819961845874786,,,,,,,,,,,
36,10469,,,,,0.05697894096374512,,,,,,,,,,,
36,36,0.024122147727548986,75.67924724474646,,,,,,,,,,,,,,
36,10470,,,,,,0.05741802975535393,,,,,,,,,,
37,10479,,,,,0.057454802095890045,,,,,,,,,,,
37,10489,,,,,0.055008187890052795,,,,,,,,,,,
37,10499,,,,,0.062005266547203064,,,,,,,,,,,
37,10509,,,,,0.060477886348962784,,,,,,,,,,,
37,10519,,,,,0.053626250475645065,,,,,,,,,,,
37,10529,,,,,0.059167180210351944,,,,,,,,,,,
37,10539,,,,,0.055249277502298355,,,,,,,,,,,
37,10549,,,,,0.0581539124250412,,,,,,,,,,,
37,10559,,,,,0.05620201304554939,,,,,,,,,,,
37,10569,,,,,0.06201568618416786,,,,,,,,,,,
37,10579,,,,,0.05352099612355232,,,,,,,,,,,
37,10589,,,,,0.05972087383270264,,,,,,,,,,,
37,10599,,,,,0.05888482555747032,,,,,,,,,,,
37,10609,,,,,0.057613812386989594,,,,,,,,,,,
37,10619,,,,,0.05723271518945694,,,,,,,,,,,
37,10629,,,,,0.054715923964977264,,,,,,,,,,,
37,10639,,,,,0.05361143499612808,,,,,,,,,,,
37,10649,,,,,0.057085778564214706,,,,,,,,,,,
37,10659,,,,,0.05435298755764961,,,,,,,,,,,
37,10669,,,,,0.055368442088365555,,,,,,,,,,,
37,10679,,,,,0.05953128635883331,,,,,,,,,,,
37,10689,,,,,0.05957838520407677,,,,,,,,,,,
37,10699,,,,,0.058859311044216156,,,,,,,,,,,
37,10709,,,,,0.05808125436306,,,,,,,,,,,
37,10719,,,,,0.056472912430763245,,,,,,,,,,,
37,10729,,,,,0.05498083308339119,,,,,,,,,,,
37,10739,,,,,0.05964615195989609,,,,,,,,,,,
37,10749,,,,,0.0569966584444046,,,,,,,,,,,
37,37,0.021724038183831815,75.24194396184049,,,,,,,,,,,,,,
37,10753,,,,,,0.057368747889995575,,,,,,,,,,
38,10759,,,,,0.0602387934923172,,,,,,,,,,,
38,10769,,,,,0.059634774923324585,,,,,,,,,,,
38,10779,,,,,0.05596400052309036,,,,,,,,,,,
38,10789,,,,,0.06095317751169205,,,,,,,,,,,
38,10799,,,,,0.05471612513065338,,,,,,,,,,,
38,10809,,,,,0.05905235558748245,,,,,,,,,,,
38,10819,,,,,0.055310461670160294,,,,,,,,,,,
38,10829,,,,,0.060080356895923615,,,,,,,,,,,
38,10839,,,,,0.05798022449016571,,,,,,,,,,,
38,10849,,,,,0.0580226369202137,,,,,,,,,,,
38,10859,,,,,0.05756821110844612,,,,,,,,,,,
38,10869,,,,,0.05618229880928993,,,,,,,,,,,
38,10879,,,,,0.05846308544278145,,,,,,,,,,,
38,10889,,,,,0.05667605623602867,,,,,,,,,,,
38,10899,,,,,0.057509489357471466,,,,,,,,,,,
38,10909,,,,,0.05493110045790672,,,,,,,,,,,
38,10919,,,,,0.05558527633547783,,,,,,,,,,,
38,10929,,,,,0.05709337070584297,,,,,,,,,,,
38,10939,,,,,0.0595947690308094,,,,,,,,,,,
38,10949,,,,,0.053725339472293854,,,,,,,,,,,
38,10959,,,,,0.061751749366521835,,,,,,,,,,,
38,10969,,,,,0.05800483375787735,,,,,,,,,,,
38,10979,,,,,0.058746274560689926,,,,,,,,,,,
38,10989,,,,,0.06027815863490105,,,,,,,,,,,
38,10999,,,,,0.05742848291993141,,,,,,,,,,,
38,11009,,,,,0.05607357621192932,,,,,,,,,,,
38,11019,,,,,0.05773388594388962,,,,,,,,,,,
38,11029,,,,,0.05607989430427551,,,,,,,,,,,
38,38,0.02326827392630304,74.81047308803113,,,,,,,,,,,,,,
38,11036,,,,,,0.05737517029047012,,,,,,,,,,
39,11039,,,,,0.05925087630748749,,,,,,,,,,,
39,11049,,,,,0.05720007047057152,,,,,,,,,,,
39,11059,,,,,0.05549178272485733,,,,,,,,,,,
39,11069,,,,,0.05722535774111748,,,,,,,,,,,
39,11079,,,,,0.05767315626144409,,,,,,,,,,,
39,11089,,,,,0.057745177298784256,,,,,,,,,,,
39,11099,,,,,0.05720692500472069,,,,,,,,,,,
39,11109,,,,,0.05955835431814194,,,,,,,,,,,
39,11119,,,,,0.056266508996486664,,,,,,,,,,,
39,11129,,,,,0.06050825119018555,,,,,,,,,,,
39,11139,,,,,0.06299486756324768,,,,,,,,,,,
39,11149,,,,,0.057408593595027924,,,,,,,,,,,
39,11159,,,,,0.0576137974858284,,,,,,,,,,,
39,11169,,,,,0.05497094616293907,,,,,,,,,,,
39,11179,,,,,0.05212446674704552,,,,,,,,,,,
39,11189,,,,,0.060492679476737976,,,,,,,,,,,
39,11199,,,,,0.055014755576848984,,,,,,,,,,,
39,11209,,,,,0.0571717694401741,,,,,,,,,,,
39,11219,,,,,0.054880645126104355,,,,,,,,,,,
39,11229,,,,,0.05717730522155762,,,,,,,,,,,
39,11239,,,,,0.05683686211705208,,,,,,,,,,,
39,11249,,,,,0.05485062673687935,,,,,,,,,,,
39,11259,,,,,0.055062223225831985,,,,,,,,,,,
39,11269,,,,,0.055348239839076996,,,,,,,,,,,
39,11279,,,,,0.05788836628198624,,,,,,,,,,,
39,11289,,,,,0.054939206689596176,,,,,,,,,,,
39,11299,,,,,0.05471210181713104,,,,,,,,,,,
39,11309,,,,,0.06071792542934418,,,,,,,,,,,
39,11319,,,,,0.06086299940943718,,,,,,,,,,,
39,39,,,0.5000572800636292,0.0,,,0.056946275252809264,0.014154808595776558,,0.49804267287254333,,0.0,,0.057345746412911285,,0.014691846445202827
39,11319,,,,,,,,,0.49804267287254333,,0.0,,0.05734574422240257,,0.014691846445202827,
39,39,0.02418095791133437,74.39410289848114,,,,,,,,,,,,,,
39,11319,,,,,,0.05735406652092934,,,,,,,,,,
40,11329,,,,,0.06280963867902756,,,,,,,,,,,
40,11339,,,,,0.057225488126277924,,,,,,,,,,,
40,11349,,,,,0.057017259299755096,,,,,,,,,,,
40,11359,,,,,0.0560075044631958,,,,,,,,,,,
40,11369,,,,,0.05649465695023537,,,,,,,,,,,
40,11379,,,,,0.05805674195289612,,,,,,,,,,,
40,11389,,,,,0.06600679457187653,,,,,,,,,,,
40,11399,,,,,0.05963559448719025,,,,,,,,,,,
40,11409,,,,,0.058185599744319916,,,,,,,,,,,
40,11419,,,,,0.05671979859471321,,,,,,,,,,,
40,11429,,,,,0.05501796677708626,,,,,,,,,,,
40,11439,,,,,0.058096300810575485,,,,,,,,,,,
40,11449,,,,,0.05601967126131058,,,,,,,,,,,
40,11459,,,,,0.05622485280036926,,,,,,,,,,,
40,11469,,,,,0.06147092208266258,,,,,,,,,,,
40,11479,,,,,0.06173340976238251,,,,,,,,,,,
40,11489,,,,,0.059016842395067215,,,,,,,,,,,
40,11499,,,,,0.05374719575047493,,,,,,,,,,,
40,11509,,,,,0.055257316678762436,,,,,,,,,,,
40,11519,,,,,0.05736396461725235,,,,,,,,,,,
40,11529,,,,,0.05720727518200874,,,,,,,,,,,
40,11539,,,,,0.05665893852710724,,,,,,,,,,,
40,11549,,,,,0.056535910815000534,,,,,,,,,,,
40,11559,,,,,0.054730676114559174,,,,,,,,,,,
40,11569,,,,,0.056696970015764236,,,,,,,,,,,
40,11579,,,,,0.05417601019144058,,,,,,,,,,,
40,11589,,,,,0.05268328636884689,,,,,,,,,,,
40,11599,,,,,0.06208087131381035,,,,,,,,,,,
40,40,0.02421573175437137,73.98927546295846,,,,,,,,,,,,,,
40,11602,,,,,,0.05738142505288124,,,,,,,,,,
41,11609,,,,,0.05646927282214165,,,,,,,,,,,
41,11619,,,,,0.0568537600338459,,,,,,,,,,,
41,11629,,,,,0.05792129412293434,,,,,,,,,,,
41,11639,,,,,0.05792970955371857,,,,,,,,,,,
41,11649,,,,,0.05808819457888603,,,,,,,,,,,
41,11659,,,,,0.0558369979262352,,,,,,,,,,,
41,11669,,,,,0.054716821759939194,,,,,,,,,,,
41,11679,,,,,0.053546153008937836,,,,,,,,,,,
41,11689,,,,,0.058794427663087845,,,,,,,,,,,
41,11699,,,,,0.057357579469680786,,,,,,,,,,,
41,11709,,,,,0.06076006963849068,,,,,,,,,,,
41,11719,,,,,0.06255827099084854,,,,,,,,,,,
41,11729,,,,,0.058428842574357986,,,,,,,,,,,
41,11739,,,,,0.0582207627594471,,,,,,,,,,,
41,11749,,,,,0.05446670576930046,,,,,,,,,,,
41,11759,,,,,0.057349856942892075,,,,,,,,,,,
41,11769,,,,,0.0570351667702198,,,,,,,,,,,
41,11779,,,,,0.05854961276054382,,,,,,,,,,,
41,11789,,,,,0.06192995607852936,,,,,,,,,,,
41,11799,,,,,0.060941893607378006,,,,,,,,,,,
41,11809,,,,,0.0555201880633831,,,,,,,,,,,
41,11819,,,,,0.060184091329574585,,,,,,,,,,,
41,11829,,,,,0.05449145287275314,,,,,,,,,,,
41,11839,,,,,0.05455607920885086,,,,,,,,,,,
41,11849,,,,,0.06070966646075249,,,,,,,,,,,
41,11859,,,,,0.06291685998439789,,,,,,,,,,,
41,11869,,,,,0.05560809001326561,,,,,,,,,,,
41,11879,,,,,0.05566217005252838,,,,,,,,,,,
41,41,0.022424989435159928,73.57046506260859,,,,,,,,,,,,,,
41,11885,,,,,,0.05740441381931305,,,,,,,,,,
42,11889,,,,,0.0566302053630352,,,,,,,,,,,
42,11899,,,,,0.05908270180225372,,,,,,,,,,,
42,11909,,,,,0.05958743765950203,,,,,,,,,,,
42,11919,,,,,0.05845831334590912,,,,,,,,,,,
42,11929,,,,,0.05736653879284859,,,,,,,,,,,
42,11939,,,,,0.058093857020139694,,,,,,,,,,,
42,11949,,,,,0.055040452629327774,,,,,,,,,,,
42,11959,,,,,0.05543532595038414,,,,,,,,,,,
42,11969,,,,,0.05663361772894859,,,,,,,,,,,
42,11979,,,,,0.05703958496451378,,,,,,,,,,,
42,11989,,,,,0.058631639927625656,,,,,,,,,,,
42,11999,,,,,0.05144091695547104,,,,,,,,,,,
42,12009,,,,,0.05740468576550484,,,,,,,,,,,
42,12019,,,,,0.06132449209690094,,,,,,,,,,,
42,12029,,,,,0.05844529718160629,,,,,,,,,,,
42,12039,,,,,0.05755101144313812,,,,,,,,,,,
42,12049,,,,,0.05893402546644211,,,,,,,,,,,
42,12059,,,,,0.05792633444070816,,,,,,,,,,,
42,12069,,,,,0.05621882155537605,,,,,,,,,,,
42,12079,,,,,0.05603514239192009,,,,,,,,,,,
42,12089,,,,,0.05475139617919922,,,,,,,,,,,
42,12099,,,,,0.058420322835445404,,,,,,,,,,,
42,12109,,,,,0.05876860022544861,,,,,,,,,,,
42,12119,,,,,0.05726921185851097,,,,,,,,,,,
42,12129,,,,,0.05526411160826683,,,,,,,,,,,
42,12139,,,,,0.05751672387123108,,,,,,,,,,,
42,12149,,,,,0.06047593057155609,,,,,,,,,,,
42,12159,,,,,0.059462353587150574,,,,,,,,,,,
42,42,0.02035098577493432,73.1607117492685,,,,,,,,,,,,,,
42,12168,,,,,,0.057356685400009155,,,,,,,,,,
43,12169,,,,,0.059081338346004486,,,,,,,,,,,
43,12179,,,,,0.055573709309101105,,,,,,,,,,,
43,12189,,,,,0.05595795065164566,,,,,,,,,,,
43,12199,,,,,0.05633096769452095,,,,,,,,,,,
43,12209,,,,,0.05773025378584862,,,,,,,,,,,
43,12219,,,,,0.053672708570957184,,,,,,,,,,,
43,12229,,,,,0.05442114174365997,,,,,,,,,,,
43,12239,,,,,0.055796630680561066,,,,,,,,,,,
43,12249,,,,,0.054892998188734055,,,,,,,,,,,
43,12259,,,,,0.054504379630088806,,,,,,,,,,,
43,12269,,,,,0.055401939898729324,,,,,,,,,,,
43,12279,,,,,0.05505058914422989,,,,,,,,,,,
43,12289,,,,,0.057488225400447845,,,,,,,,,,,
43,12299,,,,,0.05836242064833641,,,,,,,,,,,
43,12309,,,,,0.055223818868398666,,,,,,,,,,,
43,12319,,,,,0.06192393600940704,,,,,,,,,,,
43,12329,,,,,0.06003626435995102,,,,,,,,,,,
43,12339,,,,,0.05876927450299263,,,,,,,,,,,
43,12349,,,,,0.0547601655125618,,,,,,,,,,,
43,12359,,,,,0.059299010783433914,,,,,,,,,,,
43,12369,,,,,0.06163860484957695,,,,,,,,,,,
43,12379,,,,,0.05636503919959068,,,,,,,,,,,
43,12389,,,,,0.05692664533853531,,,,,,,,,,,
43,12399,,,,,0.05732602998614311,,,,,,,,,,,
43,12409,,,,,0.05590501427650452,,,,,,,,,,,
43,12419,,,,,0.06251508742570877,,,,,,,,,,,
43,12429,,,,,0.05804119631648064,,,,,,,,,,,
43,12439,,,,,0.05979990214109421,,,,,,,,,,,
43,12449,,,,,0.05865258723497391,,,,,,,,,,,
43,43,0.023215083989531905,72.7622666727882,,,,,,,,,,,,,,
43,12451,,,,,,0.057381659746170044,,,,,,,,,,
44,12459,,,,,0.06117954105138779,,,,,,,,,,,
44,12469,,,,,0.05792934447526932,,,,,,,,,,,
44,12479,,,,,0.05659767985343933,,,,,,,,,,,
44,12489,,,,,0.05971508473157883,,,,,,,,,,,
44,12499,,,,,0.05814464017748833,,,,,,,,,,,
44,12509,,,,,0.06019178405404091,,,,,,,,,,,
44,12519,,,,,0.05628056451678276,,,,,,,,,,,
44,12529,,,,,0.06323307007551193,,,,,,,,,,,
44,12539,,,,,0.06057420372962952,,,,,,,,,,,
44,12549,,,,,0.05772773176431656,,,,,,,,,,,
44,12559,,,,,0.055099766701459885,,,,,,,,,,,
44,12569,,,,,0.0556543730199337,,,,,,,,,,,
44,12579,,,,,0.05611454322934151,,,,,,,,,,,
44,12589,,,,,0.05396834760904312,,,,,,,,,,,
44,12599,,,,,0.06108647212386131,,,,,,,,,,,
44,12609,,,,,0.05807120352983475,,,,,,,,,,,
44,12619,,,,,0.05563778430223465,,,,,,,,,,,
44,12629,,,,,0.058489780873060226,,,,,,,,,,,
44,12639,,,,,0.058732543140649796,,,,,,,,,,,
44,12649,,,,,0.05817149952054024,,,,,,,,,,,
44,12659,,,,,0.057291191071271896,,,,,,,,,,,
44,12669,,,,,0.058202341198921204,,,,,,,,,,,
44,12679,,,,,0.05870673805475235,,,,,,,,,,,
44,12689,,,,,0.05878201872110367,,,,,,,,,,,
44,12699,,,,,0.05639432370662689,,,,,,,,,,,
44,12709,,,,,0.061772264540195465,,,,,,,,,,,
44,12719,,,,,0.058352597057819366,,,,,,,,,,,
44,12729,,,,,0.053562577813863754,,,,,,,,,,,
44,44,0.022386141911150625,72.37438527714232,,,,,,,,,,,,,,
44,12734,,,,,,0.05737447366118431,,,,,,,,,,
45,12739,,,,,0.05974418669939041,,,,,,,,,,,
45,12749,,,,,0.05474335700273514,,,,,,,,,,,
45,12759,,,,,0.05653923377394676,,,,,,,,,,,
45,12769,,,,,0.05749144032597542,,,,,,,,,,,
45,12779,,,,,0.05634717270731926,,,,,,,,,,,
45,12789,,,,,0.055953845381736755,,,,,,,,,,,
45,12799,,,,,0.05763068050146103,,,,,,,,,,,
45,12809,,,,,0.05802512168884277,,,,,,,,,,,
45,12819,,,,,0.05783256143331528,,,,,,,,,,,
45,12829,,,,,0.05904233083128929,,,,,,,,,,,
45,12839,,,,,0.056554678827524185,,,,,,,,,,,
45,12849,,,,,0.0554988868534565,,,,,,,,,,,
45,12859,,,,,0.05574710667133331,,,,,,,,,,,
45,12869,,,,,0.0601661317050457,,,,,,,,,,,
45,12879,,,,,0.06113870069384575,,,,,,,,,,,
45,12889,,,,,0.05879364535212517,,,,,,,,,,,
45,12899,,,,,0.06219089776277542,,,,,,,,,,,
45,12909,,,,,0.055420372635126114,,,,,,,,,,,
45,12919,,,,,0.0574306920170784,,,,,,,,,,,
45,12929,,,,,0.0562463253736496,,,,,,,,,,,
45,12939,,,,,0.05786828324198723,,,,,,,,,,,
45,12949,,,,,0.05785787105560303,,,,,,,,,,,
45,12959,,,,,0.05771799013018608,,,,,,,,,,,
45,12969,,,,,0.05590466782450676,,,,,,,,,,,
45,12979,,,,,0.05727200210094452,,,,,,,,,,,
45,12989,,,,,0.06037111580371857,,,,,,,,,,,
45,12999,,,,,0.055462546646595,,,,,,,,,,,
45,13009,,,,,0.05551354959607124,,,,,,,,,,,
45,45,0.020018146831751172,71.98912235835007,,,,,,,,,,,,,,
45,13017,,,,,,0.057394787669181824,,,,,,,,,,
46,13019,,,,,0.05197151377797127,,,,,,,,,,,
46,13029,,,,,0.056056488305330276,,,,,,,,,,,
46,13039,,,,,0.054601170122623444,,,,,,,,,,,
46,13049,,,,,0.05548815801739693,,,,,,,,,,,
46,13059,,,,,0.05664466321468353,,,,,,,,,,,
46,13069,,,,,0.060195449739694595,,,,,,,,,,,
46,13079,,,,,0.06223278492689133,,,,,,,,,,,
46,13089,,,,,0.05582527443766594,,,,,,,,,,,
46,13099,,,,,0.05637984350323677,,,,,,,,,,,
46,13109,,,,,0.058714475482702255,,,,,,,,,,,
46,13119,,,,,0.0572686567902565,,,,,,,,,,,
46,13129,,,,,0.0568641722202301,,,,,,,,,,,
46,13139,,,,,0.058298416435718536,,,,,,,,,,,
46,13149,,,,,0.05945621803402901,,,,,,,,,,,
46,13159,,,,,0.0587301068007946,,,,,,,,,,,
46,13169,,,,,0.054091259837150574,,,,,,,,,,,
46,13179,,,,,0.05665154755115509,,,,,,,,,,,
46,13189,,,,,0.05499661713838577,,,,,,,,,,,
46,13199,,,,,0.05407186225056648,,,,,,,,,,,
46,13209,,,,,0.054244499653577805,,,,,,,,,,,
46,13219,,,,,0.05580027773976326,,,,,,,,,,,
46,13229,,,,,0.057195842266082764,,,,,,,,,,,
46,13239,,,,,0.057739537209272385,,,,,,,,,,,
46,13249,,,,,0.05754151940345764,,,,,,,,,,,
46,13259,,,,,0.057656921446323395,,,,,,,,,,,
46,13269,,,,,0.056185558438301086,,,,,,,,,,,
46,13279,,,,,0.057581786066293716,,,,,,,,,,,
46,13289,,,,,0.059232939034700394,,,,,,,,,,,
46,13299,,,,,0.05822143331170082,,,,,,,,,,,
46,46,0.018862353693549227,71.60220958565708,,,,,,,,,,,,,,
46,13300,,,,,,0.05734207108616829,,,,,,,,,,
47,13309,,,,,0.05650763958692551,,,,,,,,,,,
47,13319,,,,,0.05434111878275871,,,,,,,,,,,
47,13329,,,,,0.05701487883925438,,,,,,,,,,,
47,13339,,,,,0.05916880443692207,,,,,,,,,,,
47,13349,,,,,0.05729765444993973,,,,,,,,,,,
47,13359,,,,,0.058684092015028,,,,,,,,,,,
47,13369,,,,,0.05751572176814079,,,,,,,,,,,
47,13379,,,,,0.061479613184928894,,,,,,,,,,,
47,13389,,,,,0.05409621447324753,,,,,,,,,,,
47,13399,,,,,0.05810701102018356,,,,,,,,,,,
47,13409,,,,,0.0561114065349102,,,,,,,,,,,
47,13419,,,,,0.05310245230793953,,,,,,,,,,,
47,13429,,,,,0.05442351475358009,,,,,,,,,,,
47,13439,,,,,0.05969299003481865,,,,,,,,,,,
47,13449,,,,,0.058726731687784195,,,,,,,,,,,
47,13459,,,,,0.0574825182557106,,,,,,,,,,,
47,13469,,,,,0.05897020176053047,,,,,,,,,,,
47,13479,,,,,0.05778279900550842,,,,,,,,,,,
47,13489,,,,,0.054188091307878494,,,,,,,,,,,
47,13499,,,,,0.056002743542194366,,,,,,,,,,,
47,13509,,,,,0.0534709095954895,,,,,,,,,,,
47,13519,,,,,0.05944087356328964,,,,,,,,,,,
47,13529,,,,,0.058885607868433,,,,,,,,,,,
47,13539,,,,,0.057210344821214676,,,,,,,,,,,
47,13549,,,,,0.05786554887890816,,,,,,,,,,,
47,13559,,,,,0.05840281769633293,,,,,,,,,,,
47,13569,,,,,0.055526867508888245,,,,,,,,,,,
47,13579,,,,,0.05723924562335014,,,,,,,,,,,
47,47,0.022136163458228345,71.21984782383116,,,,,,,,,,,,,,
47,13583,,,,,,0.05733222886919975,,,,,,,,,,
48,13589,,,,,0.05961882323026657,,,,,,,,,,,
48,13599,,,,,0.061443980783224106,,,,,,,,,,,
48,13609,,,,,0.06194234639406204,,,,,,,,,,,
48,13619,,,,,0.058619823306798935,,,,,,,,,,,
48,13629,,,,,0.05333730950951576,,,,,,,,,,,
48,13639,,,,,0.05367676913738251,,,,,,,,,,,
48,13649,,,,,0.05417533963918686,,,,,,,,,,,
48,13659,,,,,0.05359213799238205,,,,,,,,,,,
48,13669,,,,,0.05479513853788376,,,,,,,,,,,
48,13679,,,,,0.05982917919754982,,,,,,,,,,,
48,13689,,,,,0.05558435991406441,,,,,,,,,,,
48,13699,,,,,0.0590062253177166,,,,,,,,,,,
48,13709,,,,,0.05813083425164223,,,,,,,,,,,
48,13719,,,,,0.053030725568532944,,,,,,,,,,,
48,13729,,,,,0.05504760518670082,,,,,,,,,,,
48,13739,,,,,0.05704841762781143,,,,,,,,,,,
48,13749,,,,,0.05591369420289993,,,,,,,,,,,
48,13759,,,,,0.05724743381142616,,,,,,,,,,,
48,13769,,,,,0.05617528408765793,,,,,,,,,,,
48,13779,,,,,0.05731378123164177,,,,,,,,,,,
48,13789,,,,,0.06052561476826668,,,,,,,,,,,
48,13799,,,,,0.05833197012543678,,,,,,,,,,,
48,13809,,,,,0.06321857869625092,,,,,,,,,,,
48,13819,,,,,0.057249266654253006,,,,,,,,,,,
48,13829,,,,,0.06091262027621269,,,,,,,,,,,
48,13839,,,,,0.054913200438022614,,,,,,,,,,,
48,13849,,,,,0.05443210154771805,,,,,,,,,,,
48,13859,,,,,0.05801184102892876,,,,,,,,,,,
48,48,0.022650309546611982,70.84454900904956,,,,,,,,,,,,,,
48,13866,,,,,,0.057340607047080994,,,,,,,,,,
49,13869,,,,,0.05914611741900444,,,,,,,,,,,
49,13879,,,,,0.06027188524603844,,,,,,,,,,,
49,13889,,,,,0.05715452879667282,,,,,,,,,,,
49,13899,,,,,0.05515085160732269,,,,,,,,,,,
49,13909,,,,,0.058389365673065186,,,,,,,,,,,
49,13919,,,,,0.05727090314030647,,,,,,,,,,,
49,13929,,,,,0.05596108362078667,,,,,,,,,,,
49,13939,,,,,0.06000426039099693,,,,,,,,,,,
49,13949,,,,,0.05614876747131348,,,,,,,,,,,
49,13959,,,,,0.055905502289533615,,,,,,,,,,,
49,13969,,,,,0.05772766098380089,,,,,,,,,,,
49,13979,,,,,0.05276729166507721,,,,,,,,,,,
49,13989,,,,,0.05690056085586548,,,,,,,,,,,
49,13999,,,,,0.056562524288892746,,,,,,,,,,,
49,14009,,,,,0.05693121254444122,,,,,,,,,,,
49,14019,,,,,0.0576242096722126,,,,,,,,,,,
49,14029,,,,,0.05768636241555214,,,,,,,,,,,
49,14039,,,,,0.05629196763038635,,,,,,,,,,,
49,14049,,,,,0.05738513171672821,,,,,,,,,,,
49,14059,,,,,0.05484554171562195,,,,,,,,,,,
49,14069,,,,,0.05685043707489967,,,,,,,,,,,
49,14079,,,,,0.055562786757946014,,,,,,,,,,,
49,14089,,,,,0.06005224585533142,,,,,,,,,,,
49,14099,,,,,0.06085716560482979,,,,,,,,,,,
49,14109,,,,,0.058286454528570175,,,,,,,,,,,
49,14119,,,,,0.05353959649801254,,,,,,,,,,,
49,14129,,,,,0.05911737680435181,,,,,,,,,,,
49,14139,,,,,0.06145120784640312,,,,,,,,,,,
49,14149,,,,,0.053159959614276886,,,,,,,,,,,
49,49,,,0.49995824694633484,0.0,,,0.056961429316595376,0.014145733788609505,,0.4978608191013336,,0.0,,0.05733362683665236,,0.014676622115075588
49,14149,,,,,,,,,0.4978608191013336,,0.0,,0.057333629578351974,,0.014676622115075588,
49,49,0.021891574340591545,70.50303096028655,,,,,,,,,,,,,,
49,14149,,,,,,0.05737573280930519,,,,,,,,,,
50,14159,,,,,0.05869291350245476,,,,,,,,,,,
50,14169,,,,,0.05872571840882301,,,,,,,,,,,
50,14179,,,,,0.05874041095376015,,,,,,,,,,,
50,14189,,,,,0.05836199223995209,,,,,,,,,,,
50,14199,,,,,0.05970865488052368,,,,,,,,,,,
50,14209,,,,,0.05387294664978981,,,,,,,,,,,
50,14219,,,,,0.05525742843747139,,,,,,,,,,,
50,14229,,,,,0.057894811034202576,,,,,,,,,,,
50,14239,,,,,0.056448016315698624,,,,,,,,,,,
50,14249,,,,,0.05982552841305733,,,,,,,,,,,
50,14259,,,,,0.0586952269077301,,,,,,,,,,,
50,14269,,,,,0.05930250883102417,,,,,,,,,,,
50,14279,,,,,0.054856181144714355,,,,,,,,,,,
50,14289,,,,,0.05817149579524994,,,,,,,,,,,
50,14299,,,,,0.05836105719208717,,,,,,,,,,,
50,14309,,,,,0.05481714382767677,,,,,,,,,,,
50,14319,,,,,0.05755198374390602,,,,,,,,,,,
50,14329,,,,,0.05801776424050331,,,,,,,,,,,
50,14339,,,,,0.060507237911224365,,,,,,,,,,,
50,14349,,,,,0.054429300129413605,,,,,,,,,,,
50,14359,,,,,0.060466159135103226,,,,,,,,,,,
50,14369,,,,,0.055790048092603683,,,,,,,,,,,
50,14379,,,,,0.054059140384197235,,,,,,,,,,,
50,14389,,,,,0.05550879240036011,,,,,,,,,,,
50,14399,,,,,0.05694258213043213,,,,,,,,,,,
50,14409,,,,,0.057267844676971436,,,,,,,,,,,
50,14419,,,,,0.05671068653464317,,,,,,,,,,,
50,14429,,,,,0.057039182633161545,,,,,,,,,,,
50,50,0.023843092802305628,70.15246909204407,,,,,,,,,,,,,,
50,14432,,,,,,0.05739038437604904,,,,,,,,,,
51,14439,,,,,0.058418627828359604,,,,,,,,,,,
51,14449,,,,,0.05437841638922691,,,,,,,,,,,
51,14459,,,,,0.057815466076135635,,,,,,,,,,,
51,14469,,,,,0.06169527396559715,,,,,,,,,,,
51,14479,,,,,0.05798202380537987,,,,,,,,,,,
51,14489,,,,,0.05455176904797554,,,,,,,,,,,
51,14499,,,,,0.05456998199224472,,,,,,,,,,,
51,14509,,,,,0.058926817029714584,,,,,,,,,,,
51,14519,,,,,0.059390611946582794,,,,,,,,,,,
51,14529,,,,,0.058400120586156845,,,,,,,,,,,
51,14539,,,,,0.056095629930496216,,,,,,,,,,,
51,14549,,,,,0.05851840600371361,,,,,,,,,,,
51,14559,,,,,0.05979086086153984,,,,,,,,,,,
51,14569,,,,,0.06397737562656403,,,,,,,,,,,
51,14579,,,,,0.05546923726797104,,,,,,,,,,,
51,14589,,,,,0.06083901226520538,,,,,,,,,,,
51,14599,,,,,0.06021757796406746,,,,,,,,,,,
51,14609,,,,,0.05648724362254143,,,,,,,,,,,
51,14619,,,,,0.05476802960038185,,,,,,,,,,,
51,14629,,,,,0.056590281426906586,,,,,,,,,,,
51,14639,,,,,0.05869093909859657,,,,,,,,,,,
51,14649,,,,,0.056245531886816025,,,,,,,,,,,
51,14659,,,,,0.06161404773592949,,,,,,,,,,,
51,14669,,,,,0.0585344098508358,,,,,,,,,,,
51,14679,,,,,0.058263279497623444,,,,,,,,,,,
51,14689,,,,,0.06306660920381546,,,,,,,,,,,
51,14699,,,,,0.05630900710821152,,,,,,,,,,,
51,14709,,,,,0.05758526548743248,,,,,,,,,,,
51,51,0.02043181040381896,69.80834220928737,,,,,,,,,,,,,,
51,14715,,,,,,0.057359129190444946,,,,,,,,,,
52,14719,,,,,0.06007805094122887,,,,,,,,,,,
52,14729,,,,,0.0562252551317215,,,,,,,,,,,
52,14739,,,,,0.056835807859897614,,,,,,,,,,,
52,14749,,,,,0.05715559422969818,,,,,,,,,,,
52,14759,,,,,0.05517216771841049,,,,,,,,,,,
52,14769,,,,,0.05714745447039604,,,,,,,,,,,
52,14779,,,,,0.056968577206134796,,,,,,,,,,,
52,14789,,,,,0.05416072905063629,,,,,,,,,,,
52,14799,,,,,0.05561205744743347,,,,,,,,,,,
52,14809,,,,,0.058971188962459564,,,,,,,,,,,
52,14819,,,,,0.05772992968559265,,,,,,,,,,,
52,14829,,,,,0.05576404929161072,,,,,,,,,,,
52,14839,,,,,0.054124340415000916,,,,,,,,,,,
52,14849,,,,,0.0535271093249321,,,,,,,,,,,
52,14859,,,,,0.056247759610414505,,,,,,,,,,,
52,14869,,,,,0.05444440618157387,,,,,,,,,,,
52,14879,,,,,0.059640977531671524,,,,,,,,,,,
52,14889,,,,,0.05730189010500908,,,,,,,,,,,
52,14899,,,,,0.05633924901485443,,,,,,,,,,,
52,14909,,,,,0.052755773067474365,,,,,,,,,,,
52,14919,,,,,0.05675577372312546,,,,,,,,,,,
52,14929,,,,,0.05754141882061958,,,,,,,,,,,
52,14939,,,,,0.05905861780047417,,,,,,,,,,,
52,14949,,,,,0.06280922889709473,,,,,,,,,,,
52,14959,,,,,0.05677051097154617,,,,,,,,,,,
52,14969,,,,,0.05570473521947861,,,,,,,,,,,
52,14979,,,,,0.055998533964157104,,,,,,,,,,,
52,14989,,,,,0.058930136263370514,,,,,,,,,,,
52,52,0.02346777331403993,69.48844879287114,,,,,,,,,,,,,,
52,14998,,,,,,0.05734467878937721,,,,,,,,,,
53,14999,,,,,0.062069639563560486,,,,,,,,,,,
53,15009,,,,,0.05594216659665108,,,,,,,,,,,
53,15019,,,,,0.05890516936779022,,,,,,,,,,,
53,15029,,,,,0.05671481788158417,,,,,,,,,,,
53,15039,,,,,0.058364562690258026,,,,,,,,,,,
53,15049,,,,,0.056788451969623566,,,,,,,,,,,
53,15059,,,,,0.05784411355853081,,,,,,,,,,,
53,15069,,,,,0.05574050173163414,,,,,,,,,,,
53,15079,,,,,0.05421800911426544,,,,,,,,,,,
53,15089,,,,,0.05622219666838646,,,,,,,,,,,
53,15099,,,,,0.05786674842238426,,,,,,,,,,,
53,15109,,,,,0.05930091440677643,,,,,,,,,,,
53,15119,,,,,0.05658934265375137,,,,,,,,,,,
53,15129,,,,,0.05617166683077812,,,,,,,,,,,
53,15139,,,,,0.054897159337997437,,,,,,,,,,,
53,15149,,,,,0.060638878494501114,,,,,,,,,,,
53,15159,,,,,0.05684611573815346,,,,,,,,,,,
53,15169,,,,,0.05852265655994415,,,,,,,,,,,
53,15179,,,,,0.05342598631978035,,,,,,,,,,,
53,15189,,,,,0.05890250205993652,,,,,,,,,,,
53,15199,,,,,0.059822507202625275,,,,,,,,,,,
53,15209,,,,,0.057514291256666183,,,,,,,,,,,
53,15219,,,,,0.057598501443862915,,,,,,,,,,,
53,15229,,,,,0.05772876366972923,,,,,,,,,,,
53,15239,,,,,0.05481750890612602,,,,,,,,,,,
53,15249,,,,,0.059692613780498505,,,,,,,,,,,
53,15259,,,,,0.05526949465274811,,,,,,,,,,,
53,15269,,,,,0.0586162693798542,,,,,,,,,,,
53,15279,,,,,0.057098641991615295,,,,,,,,,,,
53,53,0.020554631829109285,69.17037018409806,,,,,,,,,,,,,,
53,15281,,,,,,0.057317573577165604,,,,,,,,,,
54,15289,,,,,0.057385507971048355,,,,,,,,,,,
54,15299,,,,,0.05912592634558678,,,,,,,,,,,
54,15309,,,,,0.053371042013168335,,,,,,,,,,,
54,15319,,,,,0.05709599331021309,,,,,,,,,,,
54,15329,,,,,0.05376869812607765,,,,,,,,,,,
54,15339,,,,,0.054723527282476425,,,,,,,,,,,
54,15349,,,,,0.05842646211385727,,,,,,,,,,,
54,15359,,,,,0.05926021561026573,,,,,,,,,,,
54,15369,,,,,0.05672936886548996,,,,,,,,,,,
54,15379,,,,,0.05905665084719658,,,,,,,,,,,
54,15389,,,,,0.05786881595849991,,,,,,,,,,,
54,15399,,,,,0.058622460812330246,,,,,,,,,,,
54,15409,,,,,0.05531586706638336,,,,,,,,,,,
54,15419,,,,,0.05510198697447777,,,,,,,,,,,
54,15429,,,,,0.059256017208099365,,,,,,,,,,,
54,15439,,,,,0.05385060980916023,,,,,,,,,,,
54,15449,,,,,0.05671200528740883,,,,,,,,,,,
54,15459,,,,,0.05574188008904457,,,,,,,,,,,
54,15469,,,,,0.06348536163568497,,,,,,,,,,,
54,15479,,,,,0.05832546949386597,,,,,,,,,,,
54,15489,,,,,0.06192590296268463,,,,,,,,,,,
54,15499,,,,,0.06036808341741562,,,,,,,,,,,
54,15509,,,,,0.059902530163526535,,,,,,,,,,,
54,15519,,,,,0.059237461537122726,,,,,,,,,,,
54,15529,,,,,0.05715707689523697,,,,,,,,,,,
54,15539,,,,,0.05640498548746109,,,,,,,,,,,
54,15549,,,,,0.05769932642579079,,,,,,,,,,,
54,15559,,,,,0.05800091475248337,,,,,,,,,,,
54,54,0.02101727835675646,68.86394774751615,,,,,,,,,,,,,,
54,15564,,,,,,0.057337310165166855,,,,,,,,,,
55,15569,,,,,0.053846873342990875,,,,,,,,,,,
55,15579,,,,,0.05941260978579521,,,,,,,,,,,
55,15589,,,,,0.06069180741906166,,,,,,,,,,,
55,15599,,,,,0.0592816136777401,,,,,,,,,,,
55,15609,,,,,0.05889623984694481,,,,,,,,,,,
55,15619,,,,,0.05326837673783302,,,,,,,,,,,
55,15629,,,,,0.0616491362452507,,,,,,,,,,,
55,15639,,,,,0.05464515835046768,,,,,,,,,,,
55,15649,,,,,0.05672166123986244,,,,,,,,,,,
55,15659,,,,,0.0569249726831913,,,,,,,,,,,
55,15669,,,,,0.05668812245130539,,,,,,,,,,,
55,15679,,,,,0.05530446022748947,,,,,,,,,,,
55,15689,,,,,0.05408885329961777,,,,,,,,,,,
55,15699,,,,,0.05894479900598526,,,,,,,,,,,
55,15709,,,,,0.056514672935009,,,,,,,,,,,
55,15719,,,,,0.05561498925089836,,,,,,,,,,,
55,15729,,,,,0.05966416373848915,,,,,,,,,,,
55,15739,,,,,0.05755838379263878,,,,,,,,,,,
55,15749,,,,,0.06115848198533058,,,,,,,,,,,
55,15759,,,,,0.06032198294997215,,,,,,,,,,,
55,15769,,,,,0.05973365902900696,,,,,,,,,,,
55,15779,,,,,0.056860942393541336,,,,,,,,,,,
55,15789,,,,,0.05587306246161461,,,,,,,,,,,
55,15799,,,,,0.05709834024310112,,,,,,,,,,,
55,15809,,,,,0.057354480028152466,,,,,,,,,,,
55,15819,,,,,0.055165696889162064,,,,,,,,,,,
55,15829,,,,,0.061428386718034744,,,,,,,,,,,
55,15839,,,,,0.05561240017414093,,,,,,,,,,,
55,55,0.020986822159684032,68.5588982635657,,,,,,,,,,,,,,
55,15847,,,,,,0.05734582617878914,,,,,,,,,,
56,15849,,,,,0.05583852902054787,,,,,,,,,,,
56,15859,,,,,0.05306486785411835,,,,,,,,,,,
56,15869,,,,,0.05711589381098747,,,,,,,,,,,
56,15879,,,,,0.05836721137166023,,,,,,,,,,,
56,15889,,,,,0.05660207197070122,,,,,,,,,,,
56,15899,,,,,0.05930189788341522,,,,,,,,,,,
56,15909,,,,,0.05806650221347809,,,,,,,,,,,
56,15919,,,,,0.05867631733417511,,,,,,,,,,,
56,15929,,,,,0.0564999021589756,,,,,,,,,,,
56,15939,,,,,0.05650991201400757,,,,,,,,,,,
56,15949,,,,,0.05958783999085426,,,,,,,,,,,
56,15959,,,,,0.05653737112879753,,,,,,,,,,,
56,15969,,,,,0.057266563177108765,,,,,,,,,,,
56,15979,,,,,0.05736076086759567,,,,,,,,,,,
56,15989,,,,,0.059153757989406586,,,,,,,,,,,
56,15999,,,,,0.05495702847838402,,,,,,,,,,,
56,16009,,,,,0.05717182531952858,,,,,,,,,,,
56,16019,,,,,0.058649692684412,,,,,,,,,,,
56,16029,,,,,0.05972646176815033,,,,,,,,,,,
56,16039,,,,,0.053305961191654205,,,,,,,,,,,
56,16049,,,,,0.05528653413057327,,,,,,,,,,,
56,16059,,,,,0.05237121507525444,,,,,,,,,,,
56,16069,,,,,0.05825477093458176,,,,,,,,,,,
56,16079,,,,,0.05660387873649597,,,,,,,,,,,
56,16089,,,,,0.05582212284207344,,,,,,,,,,,
56,16099,,,,,0.05521420016884804,,,,,,,,,,,
56,16109,,,,,0.06032923609018326,,,,,,,,,,,
56,16119,,,,,0.05643079802393913,,,,,,,,,,,
56,16129,,,,,0.06043799966573715,,,,,,,,,,,
56,56,0.019104843508501734,68.25791479480414,,,,,,,,,,,,,,
56,16130,,,,,,0.057298190891742706,,,,,,,,,,
57,16139,,,,,0.058303024619817734,,,,,,,,,,,
57,16149,,,,,0.06074920669198036,,,,,,,,,,,
57,16159,,,,,0.05733271315693855,,,,,,,,,,,
57,16169,,,,,0.06120092794299126,,,,,,,,,,,
57,16179,,,,,0.05643424391746521,,,,,,,,,,,
57,16189,,,,,0.05697072669863701,,,,,,,,,,,
57,16199,,,,,0.05382336303591728,,,,,,,,,,,
57,16209,,,,,0.055361825972795486,,,,,,,,,,,
57,16219,,,,,0.058668676763772964,,,,,,,,,,,
57,16229,,,,,0.055250536650419235,,,,,,,,,,,
57,16239,,,,,0.0543915256857872,,,,,,,,,,,
57,16249,,,,,0.05540101230144501,,,,,,,,,,,
57,16259,,,,,0.05398237332701683,,,,,,,,,,,
57,16269,,,,,0.055448077619075775,,,,,,,,,,,
57,16279,,,,,0.0628485381603241,,,,,,,,,,,
57,16289,,,,,0.05511210113763809,,,,,,,,,,,
57,16299,,,,,0.06257161498069763,,,,,,,,,,,
57,16309,,,,,0.05691717937588692,,,,,,,,,,,
57,16319,,,,,0.05624304711818695,,,,,,,,,,,
57,16329,,,,,0.055802538990974426,,,,,,,,,,,
57,16339,,,,,0.058105383068323135,,,,,,,,,,,
57,16349,,,,,0.06135035306215286,,,,,,,,,,,
57,16359,,,,,0.054845236241817474,,,,,,,,,,,
57,16369,,,,,0.05624859035015106,,,,,,,,,,,
57,16379,,,,,0.05746285244822502,,,,,,,,,,,
57,16389,,,,,0.05941900983452797,,,,,,,,,,,
57,16399,,,,,0.0573379211127758,,,,,,,,,,,
57,16409,,,,,0.057515282183885574,,,,,,,,,,,
57,57,0.0192656234728513,67.95514055078274,,,,,,,,,,,,,,
57,16413,,,,,,0.057329706847667694,,,,,,,,,,
58,16419,,,,,0.05835007131099701,,,,,,,,,,,
58,16429,,,,,0.058586351573467255,,,,,,,,,,,
58,16439,,,,,0.05447463318705559,,,,,,,,,,,
58,16449,,,,,0.05932232365012169,,,,,,,,,,,
58,16459,,,,,0.05781745910644531,,,,,,,,,,,
58,16469,,,,,0.06115312501788139,,,,,,,,,,,
58,16479,,,,,0.05317554622888565,,,,,,,,,,,
58,16489,,,,,0.06136338785290718,,,,,,,,,,,
58,16499,,,,,0.05563187226653099,,,,,,,,,,,
58,16509,,,,,0.05792100727558136,,,,,,,,,,,
58,16519,,,,,0.0556311309337616,,,,,,,,,,,
58,16529,,,,,0.057979516685009,,,,,,,,,,,
58,16539,,,,,0.05490965396165848,,,,,,,,,,,
58,16549,,,,,0.05331672355532646,,,,,,,,,,,
58,16559,,,,,0.05613279715180397,,,,,,,,,,,
58,16569,,,,,0.05822332575917244,,,,,,,,,,,
58,16579,,,,,0.05687728896737099,,,,,,,,,,,
58,16589,,,,,0.057267364114522934,,,,,,,,,,,
58,16599,,,,,0.05682496353983879,,,,,,,,,,,
58,16609,,,,,0.05888139456510544,,,,,,,,,,,
58,16619,,,,,0.05803311616182327,,,,,,,,,,,
58,16629,,,,,0.05593548342585564,,,,,,,,,,,
58,16639,,,,,0.05752386152744293,,,,,,,,,,,
58,16649,,,,,0.05977645143866539,,,,,,,,,,,
58,16659,,,,,0.057209111750125885,,,,,,,,,,,
58,16669,,,,,0.055194176733493805,,,,,,,,,,,
58,16679,,,,,0.05672181397676468,,,,,,,,,,,
58,16689,,,,,0.05367480218410492,,,,,,,,,,,
58,58,0.022660202817904068,67.65192631611595,,,,,,,,,,,,,,
58,16696,,,,,,0.05730770528316498,,,,,,,,,,
59,16699,,,,,0.060997143387794495,,,,,,,,,,,
59,16709,,,,,0.056740306317806244,,,,,,,,,,,
59,16719,,,,,0.05935635045170784,,,,,,,,,,,
59,16729,,,,,0.05452287942171097,,,,,,,,,,,
59,16739,,,,,0.059019993990659714,,,,,,,,,,,
59,16749,,,,,0.05442151427268982,,,,,,,,,,,
59,16759,,,,,0.05845673009753227,,,,,,,,,,,
59,16769,,,,,0.05613517761230469,,,,,,,,,,,
59,16779,,,,,0.06265553832054138,,,,,,,,,,,
59,16789,,,,,0.05383807420730591,,,,,,,,,,,
59,16799,,,,,0.060588445514440536,,,,,,,,,,,
59,16809,,,,,0.0565120093524456,,,,,,,,,,,
59,16819,,,,,0.05548445135354996,,,,,,,,,,,
59,16829,,,,,0.056334130465984344,,,,,,,,,,,
59,16839,,,,,0.05452129989862442,,,,,,,,,,,
59,16849,,,,,0.06194956973195076,,,,,,,,,,,
59,16859,,,,,0.05600092560052872,,,,,,,,,,,
59,16869,,,,,0.05991702154278755,,,,,,,,,,,
59,16879,,,,,0.0557459332048893,,,,,,,,,,,
59,16889,,,,,0.058994848281145096,,,,,,,,,,,
59,16899,,,,,0.060393717139959335,,,,,,,,,,,
59,16909,,,,,0.056788843125104904,,,,,,,,,,,
59,16919,,,,,0.05558892711997032,,,,,,,,,,,
59,16929,,,,,0.059374768286943436,,,,,,,,,,,
59,16939,,,,,0.06150316447019577,,,,,,,,,,,
59,16949,,,,,0.054971642792224884,,,,,,,,,,,
59,16959,,,,,0.05764526128768921,,,,,,,,,,,
59,16969,,,,,0.05858530104160309,,,,,,,,,,,
59,16979,,,,,0.056629132479429245,,,,,,,,,,,
59,59,,,0.4999465346336365,0.0,,,0.056948621507171705,0.014143211767077446,,0.49811309576034546,,0.0,,0.05734626951209289,,0.014665610156953335
59,16979,,,,,,,,,0.49811309576034546,,0.0,,0.05734626576304436,,0.014665610156953335,
59,59,0.021320016303012994,67.35137076676436,,,,,,,,,,,,,,
59,16979,,,,,,0.05730031058192253,,,,,,,,,,
60,16989,,,,,0.05879169702529907,,,,,,,,,,,
60,16999,,,,,0.059661801904439926,,,,,,,,,,,
60,17009,,,,,0.06003033369779587,,,,,,,,,,,
60,17019,,,,,0.053377505391836166,,,,,,,,,,,
60,17029,,,,,0.0585593618452549,,,,,,,,,,,
60,17039,,,,,0.05906974896788597,,,,,,,,,,,
60,17049,,,,,0.056056443601846695,,,,,,,,,,,
60,17059,,,,,0.06069213151931763,,,,,,,,,,,
60,17069,,,,,0.056657835841178894,,,,,,,,,,,
60,17079,,,,,0.06220090016722679,,,,,,,,,,,
60,17089,,,,,0.05713213235139847,,,,,,,,,,,
60,17099,,,,,0.05736459791660309,,,,,,,,,,,
60,17109,,,,,0.05834241211414337,,,,,,,,,,,
60,17119,,,,,0.05485505238175392,,,,,,,,,,,
60,17129,,,,,0.06012876331806183,,,,,,,,,,,
60,17139,,,,,0.06016591563820839,,,,,,,,,,,
60,17149,,,,,0.05819746106863022,,,,,,,,,,,
60,17159,,,,,0.0588592030107975,,,,,,,,,,,
60,17169,,,,,0.0562632791697979,,,,,,,,,,,
60,17179,,,,,0.05775284767150879,,,,,,,,,,,
60,17189,,,,,0.05785776302218437,,,,,,,,,,,
60,17199,,,,,0.062204379588365555,,,,,,,,,,,
60,17209,,,,,0.05454330891370773,,,,,,,,,,,
60,17219,,,,,0.05807508900761604,,,,,,,,,,,
60,17229,,,,,0.058348752558231354,,,,,,,,,,,
60,17239,,,,,0.055174559354782104,,,,,,,,,,,
60,17249,,,,,0.057211294770240784,,,,,,,,,,,
60,17259,,,,,0.05629469454288483,,,,,,,,,,,
60,60,0.019207224751585733,67.04567876384135,,,,,,,,,,,,,,
60,17262,,,,,,0.05728290230035782,,,,,,,,,,
61,17269,,,,,0.05815824493765831,,,,,,,,,,,
61,17279,,,,,0.05792555958032608,,,,,,,,,,,
61,17289,,,,,0.059044308960437775,,,,,,,,,,,
61,17299,,,,,0.054916784167289734,,,,,,,,,,,
61,17309,,,,,0.0528881810605526,,,,,,,,,,,
61,17319,,,,,0.05592934414744377,,,,,,,,,,,
61,17329,,,,,0.05630134791135788,,,,,,,,,,,
61,17339,,,,,0.058057382702827454,,,,,,,,,,,
61,17349,,,,,0.05622612312436104,,,,,,,,,,,
61,17359,,,,,0.05577387660741806,,,,,,,,,,,
61,17369,,,,,0.05601515993475914,,,,,,,,,,,
61,17379,,,,,0.05617847666144371,,,,,,,,,,,
61,17389,,,,,0.05946871638298035,,,,,,,,,,,
61,17399,,,,,0.05349409207701683,,,,,,,,,,,
61,17409,,,,,0.058231089264154434,,,,,,,,,,,
61,17419,,,,,0.05719546973705292,,,,,,,,,,,
61,17429,,,,,0.05535473674535751,,,,,,,,,,,
61,17439,,,,,0.05583597719669342,,,,,,,,,,,
61,17449,,,,,0.0561937615275383,,,,,,,,,,,
61,17459,,,,,0.056218087673187256,,,,,,,,,,,
61,17469,,,,,0.055545371025800705,,,,,,,,,,,
61,17479,,,,,0.05678439885377884,,,,,,,,,,,
61,17489,,,,,0.058085400611162186,,,,,,,,,,,
61,17499,,,,,0.056202881038188934,,,,,,,,,,,
61,17509,,,,,0.05968746170401573,,,,,,,,,,,
61,17519,,,,,0.05789138004183769,,,,,,,,,,,
61,17529,,,,,0.05446048453450203,,,,,,,,,,,
61,17539,,,,,0.05661987140774727,,,,,,,,,,,
61,61,0.01890844825892742,66.7466087667373,,,,,,,,,,,,,,
61,17545,,,,,,0.05730991065502167,,,,,,,,,,
62,17549,,,,,0.059827353805303574,,,,,,,,,,,
62,17559,,,,,0.05538284033536911,,,,,,,,,,,
62,17569,,,,,0.05807443708181381,,,,,,,,,,,
62,17579,,,,,0.05380871891975403,,,,,,,,,,,
62,17589,,,,,0.05546750873327255,,,,,,,,,,,
62,17599,,,,,0.05384521186351776,,,,,,,,,,,
62,17609,,,,,0.057275738567113876,,,,,,,,,,,
62,17619,,,,,0.05799850821495056,,,,,,,,,,,
62,17629,,,,,0.06040153652429581,,,,,,,,,,,
62,17639,,,,,0.05993708223104477,,,,,,,,,,,
62,17649,,,,,0.059871312230825424,,,,,,,,,,,
62,17659,,,,,0.05743435025215149,,,,,,,,,,,
62,17669,,,,,0.054793231189250946,,,,,,,,,,,
62,17679,,,,,0.05646146088838577,,,,,,,,,,,
62,17689,,,,,0.05978471413254738,,,,,,,,,,,
62,17699,,,,,0.054467931389808655,,,,,,,,,,,
62,17709,,,,,0.05448917672038078,,,,,,,,,,,
62,17719,,,,,0.05697092041373253,,,,,,,,,,,
62,17729,,,,,0.06056969612836838,,,,,,,,,,,
62,17739,,,,,0.054527536034584045,,,,,,,,,,,
62,17749,,,,,0.055264536291360855,,,,,,,,,,,
62,17759,,,,,0.0567927286028862,,,,,,,,,,,
62,17769,,,,,0.059382956475019455,,,,,,,,,,,
62,17779,,,,,0.05837098881602287,,,,,,,,,,,
62,17789,,,,,0.055961303412914276,,,,,,,,,,,
62,17799,,,,,0.060042984783649445,,,,,,,,,,,
62,17809,,,,,0.06251277774572372,,,,,,,,,,,
62,17819,,,,,0.0589824803173542,,,,,,,,,,,
62,62,0.022174559170404725,66.45415717569476,,,,,,,,,,,,,,
62,17828,,,,,,0.05729127675294876,,,,,,,,,,
63,17829,,,,,0.05686737596988678,,,,,,,,,,,
63,17839,,,,,0.058624133467674255,,,,,,,,,,,
63,17849,,,,,0.059655603021383286,,,,,,,,,,,
63,17859,,,,,0.06036323681473732,,,,,,,,,,,
63,17869,,,,,0.05675904452800751,,,,,,,,,,,
63,17879,,,,,0.054901327937841415,,,,,,,,,,,
63,17889,,,,,0.057132065296173096,,,,,,,,,,,
63,17899,,,,,0.056810490787029266,,,,,,,,,,,
63,17909,,,,,0.05386032536625862,,,,,,,,,,,
63,17919,,,,,0.059806909412145615,,,,,,,,,,,
63,17929,,,,,0.058849435299634933,,,,,,,,,,,
63,17939,,,,,0.055151671171188354,,,,,,,,,,,
63,17949,,,,,0.05835893377661705,,,,,,,,,,,
63,17959,,,,,0.05890693888068199,,,,,,,,,,,
63,17969,,,,,0.058180294930934906,,,,,,,,,,,
63,17979,,,,,0.0575835295021534,,,,,,,,,,,
63,17989,,,,,0.05788443610072136,,,,,,,,,,,
63,17999,,,,,0.058897849172353745,,,,,,,,,,,
63,18009,,,,,0.057270556688308716,,,,,,,,,,,
63,18019,,,,,0.05689379572868347,,,,,,,,,,,
63,18029,,,,,0.05679021030664444,,,,,,,,,,,
63,18039,,,,,0.057127922773361206,,,,,,,,,,,
63,18049,,,,,0.05312441289424896,,,,,,,,,,,
63,18059,,,,,0.058387890458106995,,,,,,,,,,,
63,18069,,,,,0.05474713072180748,,,,,,,,,,,
63,18079,,,,,0.05506521463394165,,,,,,,,,,,
63,18089,,,,,0.056600071489810944,,,,,,,,,,,
63,18099,,,,,0.05508603900671005,,,,,,,,,,,
63,18109,,,,,0.055828757584095,,,,,,,,,,,
63,63,0.02092940227146146,66.16984264330073,,,,,,,,,,,,,,
63,18111,,,,,,0.057286351919174194,,,,,,,,,,
64,18119,,,,,0.05849859490990639,,,,,,,,,,,
64,18129,,,,,0.05682665854692459,,,,,,,,,,,
64,18139,,,,,0.05656857043504715,,,,,,,,,,,
64,18149,,,,,0.057284172624349594,,,,,,,,,,,
64,18159,,,,,0.0625300332903862,,,,,,,,,,,
64,18169,,,,,0.05776853486895561,,,,,,,,,,,
64,18179,,,,,0.054644566029310226,,,,,,,,,,,
64,18189,,,,,0.05569081753492355,,,,,,,,,,,
64,18199,,,,,0.052777379751205444,,,,,,,,,,,
64,18209,,,,,0.05945522338151932,,,,,,,,,,,
64,18219,,,,,0.05554160475730896,,,,,,,,,,,
64,18229,,,,,0.05267631635069847,,,,,,,,,,,
64,18239,,,,,0.061304423958063126,,,,,,,,,,,
64,18249,,,,,0.056611254811286926,,,,,,,,,,,
64,18259,,,,,0.054719626903533936,,,,,,,,,,,
64,18269,,,,,0.0584099106490612,,,,,,,,,,,
64,18279,,,,,0.057121701538562775,,,,,,,,,,,
64,18289,,,,,0.05562509596347809,,,,,,,,,,,
64,18299,,,,,0.05935867875814438,,,,,,,,,,,
64,18309,,,,,0.0590042769908905,,,,,,,,,,,
64,18319,,,,,0.057336948812007904,,,,,,,,,,,
64,18329,,,,,0.059643033891916275,,,,,,,,,,,
64,18339,,,,,0.05507012829184532,,,,,,,,,,,
64,18349,,,,,0.0547621063888073,,,,,,,,,,,
64,18359,,,,,0.060674771666526794,,,,,,,,,,,
64,18369,,,,,0.05998549610376358,,,,,,,,,,,
64,18379,,,,,0.0587240569293499,,,,,,,,,,,
64,18389,,,,,0.05644770339131355,,,,,,,,,,,
64,64,0.020241004386710358,65.91741303262496,,,,,,,,,,,,,,
64,18394,,,,,,0.057306837290525436,,,,,,,,,,
65,18399,,,,,0.054330065846443176,,,,,,,,,,,
65,18409,,,,,0.056647107005119324,,,,,,,,,,,
65,18419,,,,,0.05666545405983925,,,,,,,,,,,
65,18429,,,,,0.05608733370900154,,,,,,,,,,,
65,18439,,,,,0.057581473141908646,,,,,,,,,,,
65,18449,,,,,0.058827318251132965,,,,,,,,,,,
65,18459,,,,,0.056244175881147385,,,,,,,,,,,
65,18469,,,,,0.05777367576956749,,,,,,,,,,,
65,18479,,,,,0.055348239839076996,,,,,,,,,,,
65,18489,,,,,0.053704697638750076,,,,,,,,,,,
65,18499,,,,,0.05379107594490051,,,,,,,,,,,
65,18509,,,,,0.056872740387916565,,,,,,,,,,,
65,18519,,,,,0.058197494596242905,,,,,,,,,,,
65,18529,,,,,0.0594174899160862,,,,,,,,,,,
65,18539,,,,,0.06083683297038078,,,,,,,,,,,
65,18549,,,,,0.06137819588184357,,,,,,,,,,,
65,18559,,,,,0.05778832733631134,,,,,,,,,,,
65,18569,,,,,0.05818616971373558,,,,,,,,,,,
65,18579,,,,,0.05920182913541794,,,,,,,,,,,
65,18589,,,,,0.05607981979846954,,,,,,,,,,,
65,18599,,,,,0.056208811700344086,,,,,,,,,,,
65,18609,,,,,0.05487462505698204,,,,,,,,,,,
65,18619,,,,,0.05432495102286339,,,,,,,,,,,
65,18629,,,,,0.05751650407910347,,,,,,,,,,,
65,18639,,,,,0.059458501636981964,,,,,,,,,,,
65,18649,,,,,0.05339575186371803,,,,,,,,,,,
65,18659,,,,,0.05563388392329216,,,,,,,,,,,
65,18669,,,,,0.05884803459048271,,,,,,,,,,,
65,65,0.01918214394459222,65.63627570743596,,,,,,,,,,,,,,
65,18677,,,,,,0.05729725956916809,,,,,,,,,,
66,18679,,,,,0.05396609380841255,,,,,,,,,,,
66,18689,,,,,0.05344126373529434,,,,,,,,,,,
66,18699,,,,,0.057422805577516556,,,,,,,,,,,
66,18709,,,,,0.053158532828092575,,,,,,,,,,,
66,18719,,,,,0.055463120341300964,,,,,,,,,,,
66,18729,,,,,0.056041453033685684,,,,,,,,,,,
66,18739,,,,,0.06071428209543228,,,,,,,,,,,
66,18749,,,,,0.05567114055156708,,,,,,,,,,,
66,18759,,,,,0.05602603778243065,,,,,,,,,,,
66,18769,,,,,0.0549502968788147,,,,,,,,,,,
66,18779,,,,,0.05597503483295441,,,,,,,,,,,
66,18789,,,,,0.059820037335157394,,,,,,,,,,,
66,18799,,,,,0.05831313878297806,,,,,,,,,,,
66,18809,,,,,0.058366868644952774,,,,,,,,,,,
66,18819,,,,,0.058883361518383026,,,,,,,,,,,
66,18829,,,,,0.06315739452838898,,,,,,,,,,,
66,18839,,,,,0.058007530868053436,,,,,,,,,,,
66,18849,,,,,0.05605318397283554,,,,,,,,,,,
66,18859,,,,,0.05630628019571304,,,,,,,,,,,
66,18869,,,,,0.05545203760266304,,,,,,,,,,,
66,18879,,,,,0.05935392901301384,,,,,,,,,,,
66,18889,,,,,0.05596071109175682,,,,,,,,,,,
66,18899,,,,,0.05793716758489609,,,,,,,,,,,
66,18909,,,,,0.05958133563399315,,,,,,,,,,,
66,18919,,,,,0.05698156729340553,,,,,,,,,,,
66,18929,,,,,0.056138619780540466,,,,,,,,,,,
66,18939,,,,,0.057328782975673676,,,,,,,,,,,
66,18949,,,,,0.05931224301457405,,,,,,,,,,,
66,18959,,,,,0.05862164869904518,,,,,,,,,,,
66,66,0.023259750236214013,65.36002666873692,,,,,,,,,,,,,,
66,18960,,,,,,0.05727014318108559,,,,,,,,,,
67,18969,,,,,0.05399526283144951,,,,,,,,,,,
67,18979,,,,,0.060399703681468964,,,,,,,,,,,
67,18989,,,,,0.059299834072589874,,,,,,,,,,,
67,18999,,,,,0.05546404793858528,,,,,,,,,,,
67,19009,,,,,0.05421849340200424,,,,,,,,,,,
67,19019,,,,,0.055009666830301285,,,,,,,,,,,
67,19029,,,,,0.054244235157966614,,,,,,,,,,,
67,19039,,,,,0.05888111889362335,,,,,,,,,,,
67,19049,,,,,0.05861341953277588,,,,,,,,,,,
67,19059,,,,,0.05606437847018242,,,,,,,,,,,
67,19069,,,,,0.05862278863787651,,,,,,,,,,,
67,19079,,,,,0.05722789838910103,,,,,,,,,,,
67,19089,,,,,0.05986397713422775,,,,,,,,,,,
67,19099,,,,,0.058941781520843506,,,,,,,,,,,
67,19109,,,,,0.059413500130176544,,,,,,,,,,,
67,19119,,,,,0.0590229369699955,,,,,,,,,,,
67,19129,,,,,0.05588294565677643,,,,,,,,,,,
67,19139,,,,,0.05712283030152321,,,,,,,,,,,
67,19149,,,,,0.05890153720974922,,,,,,,,,,,
67,19159,,,,,0.05791551247239113,,,,,,,,,,,
67,19169,,,,,0.059534817934036255,,,,,,,,,,,
67,19179,,,,,0.05592752620577812,,,,,,,,,,,
67,19189,,,,,0.054262060672044754,,,,,,,,,,,
67,19199,,,,,0.059413328766822815,,,,,,,,,,,
67,19209,,,,,0.05748550966382027,,,,,,,,,,,
67,19219,,,,,0.05470087006688118,,,,,,,,,,,
67,19229,,,,,0.05352536588907242,,,,,,,,,,,
67,19239,,,,,0.05580860376358032,,,,,,,,,,,
67,67,0.018668330571316085,65.07769241695385,,,,,,,,,,,,,,
67,19243,,,,,,0.057271089404821396,,,,,,,,,,
68,19249,,,,,0.05496608838438988,,,,,,,,,,,
68,19259,,,,,0.05902380868792534,,,,,,,,,,,
68,19269,,,,,0.056438326835632324,,,,,,,,,,,
68,19279,,,,,0.05338605120778084,,,,,,,,,,,
68,19289,,,,,0.05632727965712547,,,,,,,,,,,
68,19299,,,,,0.05421004071831703,,,,,,,,,,,
68,19309,,,,,0.05871561914682388,,,,,,,,,,,
68,19319,,,,,0.052514251321554184,,,,,,,,,,,
68,19329,,,,,0.0628226101398468,,,,,,,,,,,
68,19339,,,,,0.06035444885492325,,,,,,,,,,,
68,19349,,,,,0.055799778550863266,,,,,,,,,,,
68,19359,,,,,0.05446420609951019,,,,,,,,,,,
68,19369,,,,,0.059397753328084946,,,,,,,,,,,
68,19379,,,,,0.05552780628204346,,,,,,,,,,,
68,19389,,,,,0.05603644996881485,,,,,,,,,,,
68,19399,,,,,0.05478542298078537,,,,,,,,,,,
68,19409,,,,,0.061299704015254974,,,,,,,,,,,
68,19419,,,,,0.05652512609958649,,,,,,,,,,,
68,19429,,,,,0.05778854712843895,,,,,,,,,,,
68,19439,,,,,0.055066198110580444,,,,,,,,,,,
68,19449,,,,,0.059519506990909576,,,,,,,,,,,
68,19459,,,,,0.05911659821867943,,,,,,,,,,,
68,19469,,,,,0.05999531224370003,,,,,,,,,,,
68,19479,,,,,0.05604315176606178,,,,,,,,,,,
68,19489,,,,,0.0573652945458889,,,,,,,,,,,
68,19499,,,,,0.05438055843114853,,,,,,,,,,,
68,19509,,,,,0.05534378066658974,,,,,,,,,,,
68,19519,,,,,0.059316448867321014,,,,,,,,,,,
68,68,0.019915514868266888,64.78524523613079,,,,,,,,,,,,,,
68,19526,,,,,,0.057267893105745316,,,,,,,,,,
69,19529,,,,,0.061301086097955704,,,,,,,,,,,
69,19539,,,,,0.052620358765125275,,,,,,,,,,,
69,19549,,,,,0.059323910623788834,,,,,,,,,,,
69,19559,,,,,0.05584974214434624,,,,,,,,,,,
69,19569,,,,,0.056679051369428635,,,,,,,,,,,
69,19579,,,,,0.05725637823343277,,,,,,,,,,,
69,19589,,,,,0.05968300625681877,,,,,,,,,,,
69,19599,,,,,0.059468016028404236,,,,,,,,,,,
69,19609,,,,,0.058186423033475876,,,,,,,,,,,
69,19619,,,,,0.055607669055461884,,,,,,,,,,,
69,19629,,,,,0.06054162606596947,,,,,,,,,,,
69,19639,,,,,0.05518569052219391,,,,,,,,,,,
69,19649,,,,,0.0524514876306057,,,,,,,,,,,
69,19659,,,,,0.0559779517352581,,,,,,,,,,,
69,19669,,,,,0.06033245846629143,,,,,,,,,,,
69,19679,,,,,0.05677928403019905,,,,,,,,,,,
69,19689,,,,,0.05996975675225258,,,,,,,,,,,
69,19699,,,,,0.05634429678320885,,,,,,,,,,,
69,19709,,,,,0.05839938670396805,,,,,,,,,,,
69,19719,,,,,0.05580621212720871,,,,,,,,,,,
69,19729,,,,,0.0584217868745327,,,,,,,,,,,
69,19739,,,,,0.05484416335821152,,,,,,,,,,,
69,19749,,,,,0.055022671818733215,,,,,,,,,,,
69,19759,,,,,0.05965093895792961,,,,,,,,,,,
69,19769,,,,,0.05559549480676651,,,,,,,,,,,
69,19779,,,,,0.05428382381796837,,,,,,,,,,,
69,19789,,,,,0.057129088789224625,,,,,,,,,,,
69,19799,,,,,0.05952044576406479,,,,,,,,,,,
69,19809,,,,,0.05922399088740349,,,,,,,,,,,
69,69,,,0.4999481737613678,0.0,,,0.05696306915189424,0.014146754518151283,,0.4978819787502289,,0.0,,0.057367176553994724,,0.014674303121864796
69,19809,,,,,,,,,0.4978819787502289,,0.0,,0.05736718326807022,,0.014674303121864796,
69,69,0.019295681244983483,64.48792188207838,,,,,,,,,,,,,,
69,19809,,,,,,0.057297758758068085,,,,,,,,,,
70,19819,,,,,0.05756332725286484,,,,,,,,,,,
70,19829,,,,,0.058125242590904236,,,,,,,,,,,
70,19839,,,,,0.056541044265031815,,,,,,,,,,,
70,19849,,,,,0.05084865540266037,,,,,,,,,,,
70,19859,,,,,0.05934302881360054,,,,,,,,,,,
70,19869,,,,,0.058435648679733276,,,,,,,,,,,
70,19879,,,,,0.06285224109888077,,,,,,,,,,,
70,19889,,,,,0.054751694202423096,,,,,,,,,,,
70,19899,,,,,0.059200480580329895,,,,,,,,,,,
70,19909,,,,,0.053618256002664566,,,,,,,,,,,
70,19919,,,,,0.05564803257584572,,,,,,,,,,,
70,19929,,,,,0.05846867710351944,,,,,,,,,,,
70,19939,,,,,0.05615978688001633,,,,,,,,,,,
70,19949,,,,,0.05792343616485596,,,,,,,,,,,
70,19959,,,,,0.06062527745962143,,,,,,,,,,,
70,19969,,,,,0.055469952523708344,,,,,,,,,,,
70,19979,,,,,0.057810571044683456,,,,,,,,,,,
70,19989,,,,,0.05831364169716835,,,,,,,,,,,
70,19999,,,,,0.05657925829291344,,,,,,,,,,,
70,20009,,,,,0.05557732284069061,,,,,,,,,,,
70,20019,,,,,0.06085611507296562,,,,,,,,,,,
70,20029,,,,,0.05791282653808594,,,,,,,,,,,
70,20039,,,,,0.05957500636577606,,,,,,,,,,,
70,20049,,,,,0.05898056551814079,,,,,,,,,,,
70,20059,,,,,0.05990826338529587,,,,,,,,,,,
70,20069,,,,,0.056283097714185715,,,,,,,,,,,
70,20079,,,,,0.05713898688554764,,,,,,,,,,,
70,20089,,,,,0.05885561555624008,,,,,,,,,,,
70,70,0.01835836836892873,64.19722433525311,,,,,,,,,,,,,,
70,20092,,,,,,0.057252634316682816,,,,,,,,,,
71,20099,,,,,0.06050030514597893,,,,,,,,,,,
71,20109,,,,,0.05805238336324692,,,,,,,,,,,
71,20119,,,,,0.055554382503032684,,,,,,,,,,,
71,20129,,,,,0.05780155956745148,,,,,,,,,,,
71,20139,,,,,0.055907249450683594,,,,,,,,,,,
71,20149,,,,,0.06288120895624161,,,,,,,,,,,
71,20159,,,,,0.05799170956015587,,,,,,,,,,,
71,20169,,,,,0.05858956649899483,,,,,,,,,,,
71,20179,,,,,0.05744713172316551,,,,,,,,,,,
71,20189,,,,,0.05652430281043053,,,,,,,,,,,
71,20199,,,,,0.05654890462756157,,,,,,,,,,,
71,20209,,,,,0.05985473468899727,,,,,,,,,,,
71,20219,,,,,0.05790591984987259,,,,,,,,,,,
71,20229,,,,,0.06096537783741951,,,,,,,,,,,
71,20239,,,,,0.057538773864507675,,,,,,,,,,,
71,20249,,,,,0.05707433819770813,,,,,,,,,,,
71,20259,,,,,0.0577356293797493,,,,,,,,,,,
71,20269,,,,,0.061171434819698334,,,,,,,,,,,
71,20279,,,,,0.05818406865000725,,,,,,,,,,,
71,20289,,,,,0.056811101734638214,,,,,,,,,,,
71,20299,,,,,0.05726390331983566,,,,,,,,,,,
71,20309,,,,,0.05662718415260315,,,,,,,,,,,
71,20319,,,,,0.058001577854156494,,,,,,,,,,,
71,20329,,,,,0.05671830475330353,,,,,,,,,,,
71,20339,,,,,0.05750952661037445,,,,,,,,,,,
71,20349,,,,,0.056551024317741394,,,,,,,,,,,
71,20359,,,,,0.056539952754974365,,,,,,,,,,,
71,20369,,,,,0.05841562896966934,,,,,,,,,,,
71,71,0.01847196035503255,63.91418146021075,,,,,,,,,,,,,,
71,20375,,,,,,0.05729740858078003,,,,,,,,,,
72,20379,,,,,0.058748502284288406,,,,,,,,,,,
72,20389,,,,,0.05925123766064644,,,,,,,,,,,
72,20399,,,,,0.05751558020710945,,,,,,,,,,,
72,20409,,,,,0.0584716796875,,,,,,,,,,,
72,20419,,,,,0.054852280765771866,,,,,,,,,,,
72,20429,,,,,0.06258619576692581,,,,,,,,,,,
72,20439,,,,,0.056739456951618195,,,,,,,,,,,
72,20449,,,,,0.055452488362789154,,,,,,,,,,,
72,20459,,,,,0.06051948666572571,,,,,,,,,,,
72,20469,,,,,0.05732056871056557,,,,,,,,,,,
72,20479,,,,,0.05950401350855827,,,,,,,,,,,
72,20489,,,,,0.05966602638363838,,,,,,,,,,,
72,20499,,,,,0.0564119853079319,,,,,,,,,,,
72,20509,,,,,0.05953593552112579,,,,,,,,,,,
72,20519,,,,,0.06000513583421707,,,,,,,,,,,
72,20529,,,,,0.05557597056031227,,,,,,,,,,,
72,20539,,,,,0.056664880365133286,,,,,,,,,,,
72,20549,,,,,0.060918278992176056,,,,,,,,,,,
72,20559,,,,,0.05639741197228432,,,,,,,,,,,
72,20569,,,,,0.05599434673786163,,,,,,,,,,,
72,20579,,,,,0.05909246206283569,,,,,,,,,,,
72,20589,,,,,0.05616777762770653,,,,,,,,,,,
72,20599,,,,,0.056288156658411026,,,,,,,,,,,
72,20609,,,,,0.05833897739648819,,,,,,,,,,,
72,20619,,,,,0.056165661662817,,,,,,,,,,,
72,20629,,,,,0.05743252858519554,,,,,,,,,,,
72,20639,,,,,0.05543459206819534,,,,,,,,,,,
72,20649,,,,,0.05560737103223801,,,,,,,,,,,
72,72,0.017970142804226978,63.63494503254115,,,,,,,,,,,,,,
72,20658,,,,,,0.05725712329149246,,,,,,,,,,
73,20659,,,,,0.06188392639160156,,,,,,,,,,,
73,20669,,,,,0.05735158547759056,,,,,,,,,,,
73,20679,,,,,0.05530760437250137,,,,,,,,,,,
73,20689,,,,,0.06012481078505516,,,,,,,,,,,
73,20699,,,,,0.055059824138879776,,,,,,,,,,,
73,20709,,,,,0.060172680765390396,,,,,,,,,,,
73,20719,,,,,0.054828569293022156,,,,,,,,,,,
73,20729,,,,,0.05754547566175461,,,,,,,,,,,
73,20739,,,,,0.05785302445292473,,,,,,,,,,,
73,20749,,,,,0.0577436126768589,,,,,,,,,,,
73,20759,,,,,0.056030526757240295,,,,,,,,,,,
73,20769,,,,,0.06166166812181473,,,,,,,,,,,
73,20779,,,,,0.06087367981672287,,,,,,,,,,,
73,20789,,,,,0.05454396829009056,,,,,,,,,,,
73,20799,,,,,0.05478395149111748,,,,,,,,,,,
73,20809,,,,,0.058525390923023224,,,,,,,,,,,
73,20819,,,,,0.05618720501661301,,,,,,,,,,,
73,20829,,,,,0.0585155263543129,,,,,,,,,,,
73,20839,,,,,0.05835152417421341,,,,,,,,,,,
73,20849,,,,,0.05920983850955963,,,,,,,,,,,
73,20859,,,,,0.06366576999425888,,,,,,,,,,,
73,20869,,,,,0.06004197150468826,,,,,,,,,,,
73,20879,,,,,0.05942584201693535,,,,,,,,,,,
73,20889,,,,,0.05720692127943039,,,,,,,,,,,
73,20899,,,,,0.06282370537519455,,,,,,,,,,,
73,20909,,,,,0.0592869371175766,,,,,,,,,,,
73,20919,,,,,0.056166909635066986,,,,,,,,,,,
73,20929,,,,,0.056451864540576935,,,,,,,,,,,
73,20939,,,,,0.05916541442275047,,,,,,,,,,,
73,73,0.018466744892079064,63.358851356884436,,,,,,,,,,,,,,
73,20941,,,,,,0.05727604776620865,,,,,,,,,,
74,20949,,,,,0.06232975795865059,,,,,,,,,,,
74,20959,,,,,0.06243379786610603,,,,,,,,,,,
74,20969,,,,,0.05742252618074417,,,,,,,,,,,
74,20979,,,,,0.05704956501722336,,,,,,,,,,,
74,20989,,,,,0.05917447432875633,,,,,,,,,,,
74,20999,,,,,0.05749814957380295,,,,,,,,,,,
74,21009,,,,,0.05708979815244675,,,,,,,,,,,
74,21019,,,,,0.05476332828402519,,,,,,,,,,,
74,21029,,,,,0.057962022721767426,,,,,,,,,,,
74,21039,,,,,0.06396186351776123,,,,,,,,,,,
74,21049,,,,,0.05807135999202728,,,,,,,,,,,
74,21059,,,,,0.057484496384859085,,,,,,,,,,,
74,21069,,,,,0.05542488768696785,,,,,,,,,,,
74,21079,,,,,0.05715937539935112,,,,,,,,,,,
74,21089,,,,,0.060221605002880096,,,,,,,,,,,
74,21099,,,,,0.058185875415802,,,,,,,,,,,
74,21109,,,,,0.05791281536221504,,,,,,,,,,,
74,21119,,,,,0.0549846775829792,,,,,,,,,,,
74,21129,,,,,0.0608215257525444,,,,,,,,,,,
74,21139,,,,,0.06161460280418396,,,,,,,,,,,
74,21149,,,,,0.05208360031247139,,,,,,,,,,,
74,21159,,,,,0.05882663279771805,,,,,,,,,,,
74,21169,,,,,0.057916246354579926,,,,,,,,,,,
74,21179,,,,,0.0561540313065052,,,,,,,,,,,
74,21189,,,,,0.05890878662467003,,,,,,,,,,,
74,21199,,,,,0.0606285035610199,,,,,,,,,,,
74,21209,,,,,0.05537226423621178,,,,,,,,,,,
74,21219,,,,,0.05842120200395584,,,,,,,,,,,
74,74,0.022317230236240358,63.095141209863016,,,,,,,,,,,,,,
74,21224,,,,,,0.05725754424929619,,,,,,,,,,
75,21229,,,,,0.05954166129231453,,,,,,,,,,,
75,21239,,,,,0.059043772518634796,,,,,,,,,,,
75,21249,,,,,0.058802634477615356,,,,,,,,,,,
75,21259,,,,,0.057936228811740875,,,,,,,,,,,
75,21269,,,,,0.053185440599918365,,,,,,,,,,,
75,21279,,,,,0.057585105299949646,,,,,,,,,,,
75,21289,,,,,0.058363500982522964,,,,,,,,,,,
75,21299,,,,,0.05834023281931877,,,,,,,,,,,
75,21309,,,,,0.05729667842388153,,,,,,,,,,,
75,21319,,,,,0.05366909131407738,,,,,,,,,,,
75,21329,,,,,0.05701218172907829,,,,,,,,,,,
75,21339,,,,,0.055965300649404526,,,,,,,,,,,
75,21349,,,,,0.05631353706121445,,,,,,,,,,,
75,21359,,,,,0.05422619357705116,,,,,,,,,,,
75,21369,,,,,0.05823630839586258,,,,,,,,,,,
75,21379,,,,,0.05508839711546898,,,,,,,,,,,
75,21389,,,,,0.05800429359078407,,,,,,,,,,,
75,21399,,,,,0.0563538484275341,,,,,,,,,,,
75,21409,,,,,0.05748526379466057,,,,,,,,,,,
75,21419,,,,,0.05657153204083443,,,,,,,,,,,
75,21429,,,,,0.055971190333366394,,,,,,,,,,,
75,21439,,,,,0.05723431333899498,,,,,,,,,,,
75,21449,,,,,0.05709315091371536,,,,,,,,,,,
75,21459,,,,,0.05976928398013115,,,,,,,,,,,
75,21469,,,,,0.05827595666050911,,,,,,,,,,,
75,21479,,,,,0.05797046795487404,,,,,,,,,,,
75,21489,,,,,0.05820748582482338,,,,,,,,,,,
75,21499,,,,,0.059323228895664215,,,,,,,,,,,
75,75,0.01689239735253298,62.824777575980946,,,,,,,,,,,,,,
75,21507,,,,,,0.05726059153676033,,,,,,,,,,
76,21509,,,,,0.0572313517332077,,,,,,,,,,,
76,21519,,,,,0.05478406697511673,,,,,,,,,,,
76,21529,,,,,0.05894671380519867,,,,,,,,,,,
76,21539,,,,,0.05484684929251671,,,,,,,,,,,
76,21549,,,,,0.05649247765541077,,,,,,,,,,,
76,21559,,,,,0.05668444558978081,,,,,,,,,,,
76,21569,,,,,0.05441051349043846,,,,,,,,,,,
76,21579,,,,,0.056610528379678726,,,,,,,,,,,
76,21589,,,,,0.055891674011945724,,,,,,,,,,,
76,21599,,,,,0.056362252682447433,,,,,,,,,,,
76,21609,,,,,0.05979015305638313,,,,,,,,,,,
76,21619,,,,,0.05723261460661888,,,,,,,,,,,
76,21629,,,,,0.06008955091238022,,,,,,,,,,,
76,21639,,,,,0.05646601319313049,,,,,,,,,,,
76,21649,,,,,0.05828702077269554,,,,,,,,,,,
76,21659,,,,,0.05571229010820389,,,,,,,,,,,
76,21669,,,,,0.0578850619494915,,,,,,,,,,,
76,21679,,,,,0.05591277778148651,,,,,,,,,,,
76,21689,,,,,0.054995518177747726,,,,,,,,,,,
76,21699,,,,,0.05831568315625191,,,,,,,,,,,
76,21709,,,,,0.055894821882247925,,,,,,,,,,,
76,21719,,,,,0.056666936725378036,,,,,,,,,,,
76,21729,,,,,0.05946004018187523,,,,,,,,,,,
76,21739,,,,,0.06161933392286301,,,,,,,,,,,
76,21749,,,,,0.05851387977600098,,,,,,,,,,,
76,21759,,,,,0.05381186306476593,,,,,,,,,,,
76,21769,,,,,0.06132778152823448,,,,,,,,,,,
76,21779,,,,,0.05873710662126541,,,,,,,,,,,
76,21789,,,,,0.0542999729514122,,,,,,,,,,,
76,76,0.02050364670244153,62.56265210074336,,,,,,,,,,,,,,
76,21790,,,,,,0.05725180730223656,,,,,,,,,,
77,21799,,,,,0.05546654015779495,,,,,,,,,,,
77,21809,,,,,0.056777603924274445,,,,,,,,,,,
77,21819,,,,,0.0598943829536438,,,,,,,,,,,
77,21829,,,,,0.056954916566610336,,,,,,,,,,,
77,21839,,,,,0.05477673187851906,,,,,,,,,,,
77,21849,,,,,0.0568670928478241,,,,,,,,,,,
77,21859,,,,,0.05893509462475777,,,,,,,,,,,
77,21869,,,,,0.05584518983960152,,,,,,,,,,,
77,21879,,,,,0.05455971509218216,,,,,,,,,,,
77,21889,,,,,0.058162759989500046,,,,,,,,,,,
77,21899,,,,,0.057170335203409195,,,,,,,,,,,
77,21909,,,,,0.05771365761756897,,,,,,,,,,,
77,21919,,,,,0.05361533164978027,,,,,,,,,,,
77,21929,,,,,0.055585507303476334,,,,,,,,,,,
77,21939,,,,,0.062033068388700485,,,,,,,,,,,
77,21949,,,,,0.05961081385612488,,,,,,,,,,,
77,21959,,,,,0.060415685176849365,,,,,,,,,,,
77,21969,,,,,0.057441044598817825,,,,,,,,,,,
77,21979,,,,,0.061210326850414276,,,,,,,,,,,
77,21989,,,,,0.05961821228265762,,,,,,,,,,,
77,21999,,,,,0.05722438916563988,,,,,,,,,,,
77,22009,,,,,0.06207134947180748,,,,,,,,,,,
77,22019,,,,,0.05149171128869057,,,,,,,,,,,
77,22029,,,,,0.05712927132844925,,,,,,,,,,,
77,22039,,,,,0.05728664994239807,,,,,,,,,,,
77,22049,,,,,0.055179379880428314,,,,,,,,,,,
77,22059,,,,,0.055214520543813705,,,,,,,,,,,
77,22069,,,,,0.0557229109108448,,,,,,,,,,,
77,77,0.022867365966085847,62.31334825684312,,,,,,,,,,,,,,
77,22073,,,,,,0.057257793843746185,,,,,,,,,,
78,22079,,,,,0.053359005600214005,,,,,,,,,,,
78,22089,,,,,0.06053759530186653,,,,,,,,,,,
78,22099,,,,,0.05550438538193703,,,,,,,,,,,
78,22109,,,,,0.05854778736829758,,,,,,,,,,,
78,22119,,,,,0.057653628289699554,,,,,,,,,,,
78,22129,,,,,0.05753558129072189,,,,,,,,,,,
78,22139,,,,,0.05220585688948631,,,,,,,,,,,
78,22149,,,,,0.057894956320524216,,,,,,,,,,,
78,22159,,,,,0.05751587450504303,,,,,,,,,,,
78,22169,,,,,0.057044852524995804,,,,,,,,,,,
78,22179,,,,,0.05506555736064911,,,,,,,,,,,
78,22189,,,,,0.056746166199445724,,,,,,,,,,,
78,22199,,,,,0.06039648875594139,,,,,,,,,,,
78,22209,,,,,0.05559692159295082,,,,,,,,,,,
78,22219,,,,,0.058102965354919434,,,,,,,,,,,
78,22229,,,,,0.05798869580030441,,,,,,,,,,,
78,22239,,,,,0.0556887686252594,,,,,,,,,,,
78,22249,,,,,0.06212432682514191,,,,,,,,,,,
78,22259,,,,,0.061871543526649475,,,,,,,,,,,
78,22269,,,,,0.057229429483413696,,,,,,,,,,,
78,22279,,,,,0.05906851589679718,,,,,,,,,,,
78,22289,,,,,0.058818694204092026,,,,,,,,,,,
78,22299,,,,,0.05831523239612579,,,,,,,,,,,
78,22309,,,,,0.060306284576654434,,,,,,,,,,,
78,22319,,,,,0.059016574174165726,,,,,,,,,,,
78,22329,,,,,0.0533720999956131,,,,,,,,,,,
78,22339,,,,,0.051328424364328384,,,,,,,,,,,
78,22349,,,,,0.05762127414345741,,,,,,,,,,,
78,78,0.020555632156781828,62.047914371923,,,,,,,,,,,,,,
78,22356,,,,,,0.05721929669380188,,,,,,,,,,
79,22359,,,,,0.05847039818763733,,,,,,,,,,,
79,22369,,,,,0.056827496737241745,,,,,,,,,,,
79,22379,,,,,0.05285799875855446,,,,,,,,,,,
79,22389,,,,,0.059677574783563614,,,,,,,,,,,
79,22399,,,,,0.05614527314901352,,,,,,,,,,,
79,22409,,,,,0.06122337654232979,,,,,,,,,,,
79,22419,,,,,0.05813821777701378,,,,,,,,,,,
79,22429,,,,,0.05625976249575615,,,,,,,,,,,
79,22439,,,,,0.054242417216300964,,,,,,,,,,,
79,22449,,,,,0.058038584887981415,,,,,,,,,,,
79,22459,,,,,0.05714638531208038,,,,,,,,,,,
79,22469,,,,,0.05997076258063316,,,,,,,,,,,
79,22479,,,,,0.05759149789810181,,,,,,,,,,,
79,22489,,,,,0.05888311564922333,,,,,,,,,,,
79,22499,,,,,0.06155833601951599,,,,,,,,,,,
79,22509,,,,,0.05772121250629425,,,,,,,,,,,
79,22519,,,,,0.06158987805247307,,,,,,,,,,,
79,22529,,,,,0.05096510797739029,,,,,,,,,,,
79,22539,,,,,0.06017393618822098,,,,,,,,,,,
79,22549,,,,,0.060723599046468735,,,,,,,,,,,
79,22559,,,,,0.05454996973276138,,,,,,,,,,,
79,22569,,,,,0.05834357067942619,,,,,,,,,,,
79,22579,,,,,0.05660061538219452,,,,,,,,,,,
79,22589,,,,,0.0554831400513649,,,,,,,,,,,
79,22599,,,,,0.05966145917773247,,,,,,,,,,,
79,22609,,,,,0.053074467927217484,,,,,,,,,,,
79,22619,,,,,0.05478079617023468,,,,,,,,,,,
79,22629,,,,,0.056825537234544754,,,,,,,,,,,
79,22639,,,,,0.056136906147003174,,,,,,,,,,,
79,79,,,0.49987325072288513,0.0,,,0.05697709793247372,0.014141070656478405,,0.4980102479457855,,0.0,,0.057374228115136525,,0.014682143926620483
79,22639,,,,,,,,,0.4980102479457855,,0.0,,0.057374224066734314,,0.014682143926620483,
79,79,0.023540542924335855,61.78784745203199,,,,,,,,,,,,,,
79,22639,,,,,,0.05725885555148125,,,,,,,,,,
80,22649,,,,,0.05513819307088852,,,,,,,,,,,
80,22659,,,,,0.05645880475640297,,,,,,,,,,,
80,22669,,,,,0.051306743174791336,,,,,,,,,,,
80,22679,,,,,0.05345640704035759,,,,,,,,,,,
80,22689,,,,,0.057956527918577194,,,,,,,,,,,
80,22699,,,,,0.05857469514012337,,,,,,,,,,,
80,22709,,,,,0.05787906423211098,,,,,,,,,,,
80,22719,,,,,0.055093515664339066,,,,,,,,,,,
80,22729,,,,,0.05812865495681763,,,,,,,,,,,
80,22739,,,,,0.05986907705664635,,,,,,,,,,,
80,22749,,,,,0.05813021585345268,,,,,,,,,,,
80,22759,,,,,0.05535389855504036,,,,,,,,,,,
80,22769,,,,,0.05669907107949257,,,,,,,,,,,
80,22779,,,,,0.05681245028972626,,,,,,,,,,,
80,22789,,,,,0.05506658926606178,,,,,,,,,,,
80,22799,,,,,0.05424518883228302,,,,,,,,,,,
80,22809,,,,,0.05665057152509689,,,,,,,,,,,
80,22819,,,,,0.061147239059209824,,,,,,,,,,,
80,22829,,,,,0.05740610882639885,,,,,,,,,,,
80,22839,,,,,0.05310194566845894,,,,,,,,,,,
80,22849,,,,,0.055337466299533844,,,,,,,,,,,
80,22859,,,,,0.05810106173157692,,,,,,,,,,,
80,22869,,,,,0.05774322524666786,,,,,,,,,,,
80,22879,,,,,0.061580590903759,,,,,,,,,,,
80,22889,,,,,0.05861484259366989,,,,,,,,,,,
80,22899,,,,,0.06166329234838486,,,,,,,,,,,
80,22909,,,,,0.059517569839954376,,,,,,,,,,,
80,22919,,,,,0.057181552052497864,,,,,,,,,,,
80,80,0.01905316062420966,61.517345267894115,,,,,,,,,,,,,,
80,22922,,,,,,0.05723904073238373,,,,,,,,,,
81,22929,,,,,0.05902623012661934,,,,,,,,,,,
81,22939,,,,,0.055684734135866165,,,,,,,,,,,
81,22949,,,,,0.057433854788541794,,,,,,,,,,,
81,22959,,,,,0.059475891292095184,,,,,,,,,,,
81,22969,,,,,0.057160813361406326,,,,,,,,,,,
81,22979,,,,,0.05338295176625252,,,,,,,,,,,
81,22989,,,,,0.05746476724743843,,,,,,,,,,,
81,22999,,,,,0.05741330236196518,,,,,,,,,,,
81,23009,,,,,0.057255636900663376,,,,,,,,,,,
81,23019,,,,,0.05851538106799126,,,,,,,,,,,
81,23029,,,,,0.058037225157022476,,,,,,,,,,,
81,23039,,,,,0.05676504969596863,,,,,,,,,,,
81,23049,,,,,0.054548271000385284,,,,,,,,,,,
81,23059,,,,,0.05791909620165825,,,,,,,,,,,
81,23069,,,,,0.05938198044896126,,,,,,,,,,,
81,23079,,,,,0.059892699122428894,,,,,,,,,,,
81,23089,,,,,0.05715053528547287,,,,,,,,,,,
81,23099,,,,,0.05681846663355827,,,,,,,,,,,
81,23109,,,,,0.05822420492768288,,,,,,,,,,,
81,23119,,,,,0.059157971292734146,,,,,,,,,,,
81,23129,,,,,0.055836021900177,,,,,,,,,,,
81,23139,,,,,0.0568566620349884,,,,,,,,,,,
81,23149,,,,,0.05468511953949928,,,,,,,,,,,
81,23159,,,,,0.0641281008720398,,,,,,,,,,,
81,23169,,,,,0.0527748204767704,,,,,,,,,,,
81,23179,,,,,0.0593269020318985,,,,,,,,,,,
81,23189,,,,,0.05753309279680252,,,,,,,,,,,
81,23199,,,,,0.06049741804599762,,,,,,,,,,,
81,81,0.02187672727394707,61.25655454290622,,,,,,,,,,,,,,
81,23205,,,,,,0.057257529348134995,,,,,,,,,,
82,23209,,,,,0.053708042949438095,,,,,,,,,,,
82,23219,,,,,0.05632041022181511,,,,,,,,,,,
82,23229,,,,,0.05755586922168732,,,,,,,,,,,
82,23239,,,,,0.053679417818784714,,,,,,,,,,,
82,23249,,,,,0.05938766896724701,,,,,,,,,,,
82,23259,,,,,0.05667610839009285,,,,,,,,,,,
82,23269,,,,,0.053546104580163956,,,,,,,,,,,
82,23279,,,,,0.05910051241517067,,,,,,,,,,,
82,23289,,,,,0.05885329470038414,,,,,,,,,,,
82,23299,,,,,0.05667516216635704,,,,,,,,,,,
82,23309,,,,,0.05722404643893242,,,,,,,,,,,
82,23319,,,,,0.06111782789230347,,,,,,,,,,,
82,23329,,,,,0.061283402144908905,,,,,,,,,,,
82,23339,,,,,0.0541328489780426,,,,,,,,,,,
82,23349,,,,,0.05481421947479248,,,,,,,,,,,
82,23359,,,,,0.054464176297187805,,,,,,,,,,,
82,23369,,,,,0.0557648167014122,,,,,,,,,,,
82,23379,,,,,0.060240719467401505,,,,,,,,,,,
82,23389,,,,,0.06314848363399506,,,,,,,,,,,
82,23399,,,,,0.05323871970176697,,,,,,,,,,,
82,23409,,,,,0.05838103964924812,,,,,,,,,,,
82,23419,,,,,0.05624798312783241,,,,,,,,,,,
82,23429,,,,,0.05348842591047287,,,,,,,,,,,
82,23439,,,,,0.0564006082713604,,,,,,,,,,,
82,23449,,,,,0.05849606171250343,,,,,,,,,,,
82,23459,,,,,0.053925033658742905,,,,,,,,,,,
82,23469,,,,,0.05824045091867447,,,,,,,,,,,
82,23479,,,,,0.06234746053814888,,,,,,,,,,,
82,82,0.021381310397892327,61.02482831417826,,,,,,,,,,,,,,
82,23488,,,,,,0.057289376854896545,,,,,,,,,,
83,23489,,,,,0.059817612171173096,,,,,,,,,,,
83,23499,,,,,0.05734386295080185,,,,,,,,,,,
83,23509,,,,,0.061428703367710114,,,,,,,,,,,
83,23519,,,,,0.06043737754225731,,,,,,,,,,,
83,23529,,,,,0.057793036103248596,,,,,,,,,,,
83,23539,,,,,0.058589037507772446,,,,,,,,,,,
83,23549,,,,,0.05622308701276779,,,,,,,,,,,
83,23559,,,,,0.05621490254998207,,,,,,,,,,,
83,23569,,,,,0.05876282975077629,,,,,,,,,,,
83,23579,,,,,0.05911511555314064,,,,,,,,,,,
83,23589,,,,,0.06047779321670532,,,,,,,,,,,
83,23599,,,,,0.05986407399177551,,,,,,,,,,,
83,23609,,,,,0.05545048788189888,,,,,,,,,,,
83,23619,,,,,0.054730724543333054,,,,,,,,,,,
83,23629,,,,,0.057744383811950684,,,,,,,,,,,
83,23639,,,,,0.05573797598481178,,,,,,,,,,,
83,23649,,,,,0.05568547174334526,,,,,,,,,,,
83,23659,,,,,0.0583597868680954,,,,,,,,,,,
83,23669,,,,,0.05186360329389572,,,,,,,,,,,
83,23679,,,,,0.0562826506793499,,,,,,,,,,,
83,23689,,,,,0.05638061463832855,,,,,,,,,,,
83,23699,,,,,0.05111484229564667,,,,,,,,,,,
83,23709,,,,,0.055610403418540955,,,,,,,,,,,
83,23719,,,,,0.05457434430718422,,,,,,,,,,,
83,23729,,,,,0.056628406047821045,,,,,,,,,,,
83,23739,,,,,0.05790267139673233,,,,,,,,,,,
83,23749,,,,,0.051695965230464935,,,,,,,,,,,
83,23759,,,,,0.05629469454288483,,,,,,,,,,,
83,23769,,,,,0.056041210889816284,,,,,,,,,,,
83,83,0.018792472614494758,60.81301217144802,,,,,,,,,,,,,,
83,23771,,,,,,0.057254429906606674,,,,,,,,,,
84,23779,,,,,0.05527037754654884,,,,,,,,,,,
84,23789,,,,,0.05858594924211502,,,,,,,,,,,
84,23799,,,,,0.057768698781728745,,,,,,,,,,,
84,23809,,,,,0.0585734061896801,,,,,,,,,,,
84,23819,,,,,0.055643998086452484,,,,,,,,,,,
84,23829,,,,,0.0572788380086422,,,,,,,,,,,
84,23839,,,,,0.05647282674908638,,,,,,,,,,,
84,23849,,,,,0.059446532279253006,,,,,,,,,,,
84,23859,,,,,0.05728277936577797,,,,,,,,,,,
84,23869,,,,,0.05617989972233772,,,,,,,,,,,
84,23879,,,,,0.05960500240325928,,,,,,,,,,,
84,23889,,,,,0.05590001121163368,,,,,,,,,,,
84,23899,,,,,0.05790870264172554,,,,,,,,,,,
84,23909,,,,,0.058041613548994064,,,,,,,,,,,
84,23919,,,,,0.058677539229393005,,,,,,,,,,,
84,23929,,,,,0.055359069257974625,,,,,,,,,,,
84,23939,,,,,0.05712229385972023,,,,,,,,,,,
84,23949,,,,,0.05880720540881157,,,,,,,,,,,
84,23959,,,,,0.05598500370979309,,,,,,,,,,,
84,23969,,,,,0.05762246996164322,,,,,,,,,,,
84,23979,,,,,0.05730606988072395,,,,,,,,,,,
84,23989,,,,,0.05535295233130455,,,,,,,,,,,
84,23999,,,,,0.05491651967167854,,,,,,,,,,,
84,24009,,,,,0.05989623814821243,,,,,,,,,,,
84,24019,,,,,0.06016334146261215,,,,,,,,,,,
84,24029,,,,,0.060237057507038116,,,,,,,,,,,
84,24039,,,,,0.0527709536254406,,,,,,,,,,,
84,24049,,,,,0.054177843034267426,,,,,,,,,,,
84,84,0.023436893672140895,60.60502802039839,,,,,,,,,,,,,,
84,24054,,,,,,0.057251956313848495,,,,,,,,,,
85,24059,,,,,0.056965768337249756,,,,,,,,,,,
85,24069,,,,,0.05487287417054176,,,,,,,,,,,
85,24079,,,,,0.0576925091445446,,,,,,,,,,,
85,24089,,,,,0.05778608098626137,,,,,,,,,,,
85,24099,,,,,0.057882919907569885,,,,,,,,,,,
85,24109,,,,,0.05938323959708214,,,,,,,,,,,
85,24119,,,,,0.05664754658937454,,,,,,,,,,,
85,24129,,,,,0.054443735629320145,,,,,,,,,,,
85,24139,,,,,0.06139196455478668,,,,,,,,,,,
85,24149,,,,,0.05882955715060234,,,,,,,,,,,
85,24159,,,,,0.05414813011884689,,,,,,,,,,,
85,24169,,,,,0.05953049287199974,,,,,,,,,,,
85,24179,,,,,0.05907595157623291,,,,,,,,,,,
85,24189,,,,,0.05896066874265671,,,,,,,,,,,
85,24199,,,,,0.054893527179956436,,,,,,,,,,,
85,24209,,,,,0.05770367756485939,,,,,,,,,,,
85,24219,,,,,0.056866612285375595,,,,,,,,,,,
85,24229,,,,,0.055149998515844345,,,,,,,,,,,
85,24239,,,,,0.06005750596523285,,,,,,,,,,,
85,24249,,,,,0.05681132525205612,,,,,,,,,,,
85,24259,,,,,0.058474816381931305,,,,,,,,,,,
85,24269,,,,,0.05703235790133476,,,,,,,,,,,
85,24279,,,,,0.05880114063620567,,,,,,,,,,,
85,24289,,,,,0.05813711881637573,,,,,,,,,,,
85,24299,,,,,0.05793813243508339,,,,,,,,,,,
85,24309,,,,,0.0556291900575161,,,,,,,,,,,
85,24319,,,,,0.06189875304698944,,,,,,,,,,,
85,24329,,,,,0.058028098195791245,,,,,,,,,,,
85,85,0.018700311798888744,60.40135624538081,,,,,,,,,,,,,,
85,24337,,,,,,0.05724677816033363,,,,,,,,,,
86,24339,,,,,0.057551201432943344,,,,,,,,,,,
86,24349,,,,,0.057916801422834396,,,,,,,,,,,
86,24359,,,,,0.05678107589483261,,,,,,,,,,,
86,24369,,,,,0.05735175684094429,,,,,,,,,,,
86,24379,,,,,0.0578848235309124,,,,,,,,,,,
86,24389,,,,,0.056379858404397964,,,,,,,,,,,
86,24399,,,,,0.05487323924899101,,,,,,,,,,,
86,24409,,,,,0.0584215447306633,,,,,,,,,,,
86,24419,,,,,0.054817259311676025,,,,,,,,,,,
86,24429,,,,,0.05580151826143265,,,,,,,,,,,
86,24439,,,,,0.05305834114551544,,,,,,,,,,,
86,24449,,,,,0.059770382940769196,,,,,,,,,,,
86,24459,,,,,0.06170070543885231,,,,,,,,,,,
86,24469,,,,,0.05893145501613617,,,,,,,,,,,
86,24479,,,,,0.05666951835155487,,,,,,,,,,,
86,24489,,,,,0.058383092284202576,,,,,,,,,,,
86,24499,,,,,0.056074053049087524,,,,,,,,,,,
86,24509,,,,,0.05963602289557457,,,,,,,,,,,
86,24519,,,,,0.06033097952604294,,,,,,,,,,,
86,24529,,,,,0.0579705536365509,,,,,,,,,,,
86,24539,,,,,0.056479159742593765,,,,,,,,,,,
86,24549,,,,,0.05415095016360283,,,,,,,,,,,
86,24559,,,,,0.05675163492560387,,,,,,,,,,,
86,24569,,,,,0.05658615753054619,,,,,,,,,,,
86,24579,,,,,0.05665735900402069,,,,,,,,,,,
86,24589,,,,,0.059692539274692535,,,,,,,,,,,
86,24599,,,,,0.05734475702047348,,,,,,,,,,,
86,24609,,,,,0.05486011132597923,,,,,,,,,,,
86,24619,,,,,0.057373691350221634,,,,,,,,,,,
86,86,0.016510558583837577,60.197954533748856,,,,,,,,,,,,,,
86,24620,,,,,,0.057244107127189636,,,,,,,,,,
87,24629,,,,,0.055820200592279434,,,,,,,,,,,
87,24639,,,,,0.057045988738536835,,,,,,,,,,,
87,24649,,,,,0.05762944370508194,,,,,,,,,,,
87,24659,,,,,0.05467308685183525,,,,,,,,,,,
87,24669,,,,,0.05671650171279907,,,,,,,,,,,
87,24679,,,,,0.0603313222527504,,,,,,,,,,,
87,24689,,,,,0.05617344751954079,,,,,,,,,,,
87,24699,,,,,0.055726904422044754,,,,,,,,,,,
87,24709,,,,,0.05590679869055748,,,,,,,,,,,
87,24719,,,,,0.05924778804183006,,,,,,,,,,,
87,24729,,,,,0.05965226888656616,,,,,,,,,,,
87,24739,,,,,0.05937714874744415,,,,,,,,,,,
87,24749,,,,,0.05740397050976753,,,,,,,,,,,
87,24759,,,,,0.056510571390390396,,,,,,,,,,,
87,24769,,,,,0.05335218831896782,,,,,,,,,,,
87,24779,,,,,0.05760563910007477,,,,,,,,,,,
87,24789,,,,,0.05809662863612175,,,,,,,,,,,
87,24799,,,,,0.05655501037836075,,,,,,,,,,,
87,24809,,,,,0.05590146407485008,,,,,,,,,,,
87,24819,,,,,0.057801853865385056,,,,,,,,,,,
87,24829,,,,,0.05850476026535034,,,,,,,,,,,
87,24839,,,,,0.05957720801234245,,,,,,,,,,,
87,24849,,,,,0.057887621223926544,,,,,,,,,,,
87,24859,,,,,0.05729435756802559,,,,,,,,,,,
87,24869,,,,,0.05739033222198486,,,,,,,,,,,
87,24879,,,,,0.057213883846998215,,,,,,,,,,,
87,24889,,,,,0.05161133408546448,,,,,,,,,,,
87,24899,,,,,0.05812907591462135,,,,,,,,,,,
87,87,0.017864812227845375,59.980902865075706,,,,,,,,,,,,,,
87,24903,,,,,,0.057224009186029434,,,,,,,,,,
88,24909,,,,,0.06018074229359627,,,,,,,,,,,
88,24919,,,,,0.05596882104873657,,,,,,,,,,,
88,24929,,,,,0.054705746471881866,,,,,,,,,,,
88,24939,,,,,0.05853276327252388,,,,,,,,,,,
88,24949,,,,,0.05927247926592827,,,,,,,,,,,
88,24959,,,,,0.05762490630149841,,,,,,,,,,,
88,24969,,,,,0.05729241669178009,,,,,,,,,,,
88,24979,,,,,0.058820996433496475,,,,,,,,,,,
88,24989,,,,,0.05483531206846237,,,,,,,,,,,
88,24999,,,,,0.05392502248287201,,,,,,,,,,,
88,25009,,,,,0.05742895230650902,,,,,,,,,,,
88,25019,,,,,0.05954030528664589,,,,,,,,,,,
88,25029,,,,,0.055397503077983856,,,,,,,,,,,
88,25039,,,,,0.05452554672956467,,,,,,,,,,,
88,25049,,,,,0.059138424694538116,,,,,,,,,,,
88,25059,,,,,0.057806432247161865,,,,,,,,,,,
88,25069,,,,,0.059200793504714966,,,,,,,,,,,
88,25079,,,,,0.05784056335687637,,,,,,,,,,,
88,25089,,,,,0.05677346512675285,,,,,,,,,,,
88,25099,,,,,0.05829863250255585,,,,,,,,,,,
88,25109,,,,,0.055637046694755554,,,,,,,,,,,
88,25119,,,,,0.055507175624370575,,,,,,,,,,,
88,25129,,,,,0.05323188379406929,,,,,,,,,,,
88,25139,,,,,0.053437866270542145,,,,,,,,,,,
88,25149,,,,,0.05388909950852394,,,,,,,,,,,
88,25159,,,,,0.057813432067632675,,,,,,,,,,,
88,25169,,,,,0.05538719519972801,,,,,,,,,,,
88,25179,,,,,0.05482938140630722,,,,,,,,,,,
88,88,0.020840735451243986,59.760352289095,,,,,,,,,,,,,,
88,25186,,,,,,0.0572238564491272,,,,,,,,,,
89,25189,,,,,0.05698494613170624,,,,,,,,,,,
89,25199,,,,,0.0545843131840229,,,,,,,,,,,
89,25209,,,,,0.05302980914711952,,,,,,,,,,,
89,25219,,,,,0.0540999211370945,,,,,,,,,,,
89,25229,,,,,0.057569101452827454,,,,,,,,,,,
89,25239,,,,,0.0580500029027462,,,,,,,,,,,
89,25249,,,,,0.05714575573801994,,,,,,,,,,,
89,25259,,,,,0.059977758675813675,,,,,,,,,,,
89,25269,,,,,0.06285816431045532,,,,,,,,,,,
89,25279,,,,,0.05650619789958,,,,,,,,,,,
89,25289,,,,,0.05076463520526886,,,,,,,,,,,
89,25299,,,,,0.05620228126645088,,,,,,,,,,,
89,25309,,,,,0.05695748329162598,,,,,,,,,,,
89,25319,,,,,0.05964243784546852,,,,,,,,,,,
89,25329,,,,,0.05846656486392021,,,,,,,,,,,
89,25339,,,,,0.05487409606575966,,,,,,,,,,,
89,25349,,,,,0.05806931108236313,,,,,,,,,,,
89,25359,,,,,0.053570542484521866,,,,,,,,,,,
89,25369,,,,,0.0548546127974987,,,,,,,,,,,
89,25379,,,,,0.05811391398310661,,,,,,,,,,,
89,25389,,,,,0.05670926347374916,,,,,,,,,,,
89,25399,,,,,0.05686473846435547,,,,,,,,,,,
89,25409,,,,,0.05611594766378403,,,,,,,,,,,
89,25419,,,,,0.05522508546710014,,,,,,,,,,,
89,25429,,,,,0.056069694459438324,,,,,,,,,,,
89,25439,,,,,0.05352272838354111,,,,,,,,,,,
89,25449,,,,,0.05924331024289131,,,,,,,,,,,
89,25459,,,,,0.05958658829331398,,,,,,,,,,,
89,25469,,,,,0.0567634142935276,,,,,,,,,,,
89,89,,,0.4999704658985138,0.0,,,0.05696233887354758,0.014148499816656113,,0.4977857768535614,,0.0,,0.05735236978899611,,0.014677978120744228
89,25469,,,,,,,,,0.4977857768535614,,0.0,,0.05735235661268234,,0.014677978120744228,
89,89,0.017099330210406292,59.520141826016506,,,,,,,,,,,,,,
89,25469,,,,,,0.05724598467350006,,,,,,,,,,
90,25479,,,,,0.054825376719236374,,,,,,,,,,,
90,25489,,,,,0.05850343406200409,,,,,,,,,,,
90,25499,,,,,0.05341971293091774,,,,,,,,,,,
90,25509,,,,,0.05628449097275734,,,,,,,,,,,
90,25519,,,,,0.05630848929286003,,,,,,,,,,,
90,25529,,,,,0.057662878185510635,,,,,,,,,,,
90,25539,,,,,0.056293126195669174,,,,,,,,,,,
90,25549,,,,,0.05477376654744148,,,,,,,,,,,
90,25559,,,,,0.057774730026721954,,,,,,,,,,,
90,25569,,,,,0.05429592728614807,,,,,,,,,,,
90,25579,,,,,0.058973539620637894,,,,,,,,,,,
90,25589,,,,,0.061854392290115356,,,,,,,,,,,
90,25599,,,,,0.05361589044332504,,,,,,,,,,,
90,25609,,,,,0.05832933261990547,,,,,,,,,,,
90,25619,,,,,0.05625494197010994,,,,,,,,,,,
90,25629,,,,,0.059346478432416916,,,,,,,,,,,
90,25639,,,,,0.0542077012360096,,,,,,,,,,,
90,25649,,,,,0.05715079978108406,,,,,,,,,,,
90,25659,,,,,0.056415654718875885,,,,,,,,,,,
90,25669,,,,,0.05567799508571625,,,,,,,,,,,
90,25679,,,,,0.06090332940220833,,,,,,,,,,,
90,25689,,,,,0.05764809250831604,,,,,,,,,,,
90,25699,,,,,0.05678016319870949,,,,,,,,,,,
90,25709,,,,,0.055385831743478775,,,,,,,,,,,
90,25719,,,,,0.05539187043905258,,,,,,,,,,,
90,25729,,,,,0.056807566434144974,,,,,,,,,,,
90,25739,,,,,0.05704960227012634,,,,,,,,,,,
90,25749,,,,,0.05341868847608566,,,,,,,,,,,
90,90,0.01746893284702887,59.29417574681071,,,,,,,,,,,,,,
90,25752,,,,,,0.05723489075899124,,,,,,,,,,
91,25759,,,,,0.05487634241580963,,,,,,,,,,,
91,25769,,,,,0.057519469410181046,,,,,,,,,,,
91,25779,,,,,0.056647978723049164,,,,,,,,,,,
91,25789,,,,,0.0627978965640068,,,,,,,,,,,
91,25799,,,,,0.05873340368270874,,,,,,,,,,,
91,25809,,,,,0.05895417183637619,,,,,,,,,,,
91,25819,,,,,0.0611780509352684,,,,,,,,,,,
91,25829,,,,,0.0551653616130352,,,,,,,,,,,
91,25839,,,,,0.05333509296178818,,,,,,,,,,,
91,25849,,,,,0.05663522705435753,,,,,,,,,,,
91,25859,,,,,0.05370060354471207,,,,,,,,,,,
91,25869,,,,,0.054715994745492935,,,,,,,,,,,
91,25879,,,,,0.05462801456451416,,,,,,,,,,,
91,25889,,,,,0.05719945579767227,,,,,,,,,,,
91,25899,,,,,0.059451840817928314,,,,,,,,,,,
91,25909,,,,,0.055856309831142426,,,,,,,,,,,
91,25919,,,,,0.05803985893726349,,,,,,,,,,,
91,25929,,,,,0.05839202180504799,,,,,,,,,,,
91,25939,,,,,0.05482562258839607,,,,,,,,,,,
91,25949,,,,,0.057570312172174454,,,,,,,,,,,
91,25959,,,,,0.05821479856967926,,,,,,,,,,,
91,25969,,,,,0.05709878355264664,,,,,,,,,,,
91,25979,,,,,0.057980503886938095,,,,,,,,,,,
91,25989,,,,,0.05740083009004593,,,,,,,,,,,
91,25999,,,,,0.057970304042100906,,,,,,,,,,,
91,26009,,,,,0.05529114976525307,,,,,,,,,,,
91,26019,,,,,0.05510522797703743,,,,,,,,,,,
91,26029,,,,,0.058938585221767426,,,,,,,,,,,
91,91,0.02182122717368822,59.08942495682114,,,,,,,,,,,,,,
91,26035,,,,,,0.057235874235630035,,,,,,,,,,
92,26039,,,,,0.05722709372639656,,,,,,,,,,,
92,26049,,,,,0.05489162355661392,,,,,,,,,,,
92,26059,,,,,0.057394567877054214,,,,,,,,,,,
92,26069,,,,,0.05479007959365845,,,,,,,,,,,
92,26079,,,,,0.0567246675491333,,,,,,,,,,,
92,26089,,,,,0.06110074371099472,,,,,,,,,,,
92,26099,,,,,0.05883415415883064,,,,,,,,,,,
92,26109,,,,,0.05424138158559799,,,,,,,,,,,
92,26119,,,,,0.05545473471283913,,,,,,,,,,,
92,26129,,,,,0.05589235574007034,,,,,,,,,,,
92,26139,,,,,0.05994246527552605,,,,,,,,,,,
92,26149,,,,,0.05655872821807861,,,,,,,,,,,
92,26159,,,,,0.05780477076768875,,,,,,,,,,,
92,26169,,,,,0.05817049369215965,,,,,,,,,,,
92,26179,,,,,0.055297210812568665,,,,,,,,,,,
92,26189,,,,,0.05858942121267319,,,,,,,,,,,
92,26199,,,,,0.055256735533475876,,,,,,,,,,,
92,26209,,,,,0.05805174261331558,,,,,,,,,,,
92,26219,,,,,0.05575966089963913,,,,,,,,,,,
92,26229,,,,,0.05595129355788231,,,,,,,,,,,
92,26239,,,,,0.059922557324171066,,,,,,,,,,,
92,26249,,,,,0.05700333043932915,,,,,,,,,,,
92,26259,,,,,0.055163927376270294,,,,,,,,,,,
92,26269,,,,,0.05844118446111679,,,,,,,,,,,
92,26279,,,,,0.0565703921020031,,,,,,,,,,,
92,26289,,,,,0.05499870330095291,,,,,,,,,,,
92,26299,,,,,0.05954619124531746,,,,,,,,,,,
92,26309,,,,,0.05698199197649956,,,,,,,,,,,
92,92,0.019212051893483215,58.92846698655142,,,,,,,,,,,,,,
92,26318,,,,,,0.05726807191967964,,,,,,,,,,
93,26319,,,,,0.05653269961476326,,,,,,,,,,,
93,26329,,,,,0.05891050398349762,,,,,,,,,,,
93,26339,,,,,0.06315046548843384,,,,,,,,,,,
93,26349,,,,,0.05413833633065224,,,,,,,,,,,
93,26359,,,,,0.05710025504231453,,,,,,,,,,,
93,26369,,,,,0.05879252776503563,,,,,,,,,,,
93,26379,,,,,0.05641287565231323,,,,,,,,,,,
93,26389,,,,,0.061058565974235535,,,,,,,,,,,
93,26399,,,,,0.05819479376077652,,,,,,,,,,,
93,26409,,,,,0.058084636926651,,,,,,,,,,,
93,26419,,,,,0.057150937616825104,,,,,,,,,,,
93,26429,,,,,0.05795867741107941,,,,,,,,,,,
93,26439,,,,,0.057671092450618744,,,,,,,,,,,
93,26449,,,,,0.056625865399837494,,,,,,,,,,,
93,26459,,,,,0.057764023542404175,,,,,,,,,,,
93,26469,,,,,0.057936593890190125,,,,,,,,,,,
93,26479,,,,,0.05716531723737717,,,,,,,,,,,
93,26489,,,,,0.05892333388328552,,,,,,,,,,,
93,26499,,,,,0.056451018899679184,,,,,,,,,,,
93,26509,,,,,0.05986254662275314,,,,,,,,,,,
93,26519,,,,,0.05417320877313614,,,,,,,,,,,
93,26529,,,,,0.05759111046791077,,,,,,,,,,,
93,26539,,,,,0.056708209216594696,,,,,,,,,,,
93,26549,,,,,0.05762392282485962,,,,,,,,,,,
93,26559,,,,,0.05460239201784134,,,,,,,,,,,
93,26569,,,,,0.05788790062069893,,,,,,,,,,,
93,26579,,,,,0.05608927458524704,,,,,,,,,,,
93,26589,,,,,0.05682916194200516,,,,,,,,,,,
93,26599,,,,,0.05343928560614586,,,,,,,,,,,
93,93,0.018997277002265174,58.73897687586665,,,,,,,,,,,,,,
93,26601,,,,,,0.057223618030548096,,,,,,,,,,
94,26609,,,,,0.058632656931877136,,,,,,,,,,,
94,26619,,,,,0.06049159914255142,,,,,,,,,,,
94,26629,,,,,0.05699753388762474,,,,,,,,,,,
94,26639,,,,,0.058202337473630905,,,,,,,,,,,
94,26649,,,,,0.05805496498942375,,,,,,,,,,,
94,26659,,,,,0.05702785402536392,,,,,,,,,,,
94,26669,,,,,0.056999754160642624,,,,,,,,,,,
94,26679,,,,,0.0575973242521286,,,,,,,,,,,
94,26689,,,,,0.055935800075531006,,,,,,,,,,,
94,26699,,,,,0.05676243081688881,,,,,,,,,,,
94,26709,,,,,0.055195361375808716,,,,,,,,,,,
94,26719,,,,,0.06078650802373886,,,,,,,,,,,
94,26729,,,,,0.05767147243022919,,,,,,,,,,,
94,26739,,,,,0.05952192842960358,,,,,,,,,,,
94,26749,,,,,0.0544431209564209,,,,,,,,,,,
94,26759,,,,,0.05714566633105278,,,,,,,,,,,
94,26769,,,,,0.05675048753619194,,,,,,,,,,,
94,26779,,,,,0.05993266403675079,,,,,,,,,,,
94,26789,,,,,0.05636194348335266,,,,,,,,,,,
94,26799,,,,,0.05404266342520714,,,,,,,,,,,
94,26809,,,,,0.05788886547088623,,,,,,,,,,,
94,26819,,,,,0.05695559084415436,,,,,,,,,,,
94,26829,,,,,0.0565008819103241,,,,,,,,,,,
94,26839,,,,,0.05761417746543884,,,,,,,,,,,
94,26849,,,,,0.05944971740245819,,,,,,,,,,,
94,26859,,,,,0.060057274997234344,,,,,,,,,,,
94,26869,,,,,0.054115086793899536,,,,,,,,,,,
94,26879,,,,,0.05535715073347092,,,,,,,,,,,
94,94,0.0199241586570456,58.53803333789531,,,,,,,,,,,,,,
94,26884,,,,,,0.05723978951573372,,,,,,,,,,
95,26889,,,,,0.05406070500612259,,,,,,,,,,,
95,26899,,,,,0.05494154617190361,,,,,,,,,,,
95,26909,,,,,0.056429654359817505,,,,,,,,,,,
95,26919,,,,,0.05711948126554489,,,,,,,,,,,
95,26929,,,,,0.05942918732762337,,,,,,,,,,,
95,26939,,,,,0.05624838545918465,,,,,,,,,,,
95,26949,,,,,0.056172892451286316,,,,,,,,,,,
95,26959,,,,,0.05280598625540733,,,,,,,,,,,
95,26969,,,,,0.060999546200037,,,,,,,,,,,
95,26979,,,,,0.06245161592960358,,,,,,,,,,,
95,26989,,,,,0.06162005290389061,,,,,,,,,,,
95,26999,,,,,0.060655973851680756,,,,,,,,,,,
95,27009,,,,,0.060453709214925766,,,,,,,,,,,
95,27019,,,,,0.053449999541044235,,,,,,,,,,,
95,27029,,,,,0.05674726516008377,,,,,,,,,,,
95,27039,,,,,0.05556192621588707,,,,,,,,,,,
95,27049,,,,,0.056061264127492905,,,,,,,,,,,
95,27059,,,,,0.05854053795337677,,,,,,,,,,,
95,27069,,,,,0.057517942041158676,,,,,,,,,,,
95,27079,,,,,0.0586116686463356,,,,,,,,,,,
95,27089,,,,,0.05587387457489967,,,,,,,,,,,
95,27099,,,,,0.055272649973630905,,,,,,,,,,,
95,27109,,,,,0.057867661118507385,,,,,,,,,,,
95,27119,,,,,0.05928901210427284,,,,,,,,,,,
95,27129,,,,,0.05572087690234184,,,,,,,,,,,
95,27139,,,,,0.057960424572229385,,,,,,,,,,,
95,27149,,,,,0.05551356077194214,,,,,,,,,,,
95,27159,,,,,0.05427015945315361,,,,,,,,,,,
95,95,0.019660117783592012,58.337169306548354,,,,,,,,,,,,,,
95,27167,,,,,,0.057223353534936905,,,,,,,,,,
96,27169,,,,,0.05744429677724838,,,,,,,,,,,
96,27179,,,,,0.05874384567141533,,,,,,,,,,,
96,27189,,,,,0.05636598914861679,,,,,,,,,,,
96,27199,,,,,0.05646162107586861,,,,,,,,,,,
96,27209,,,,,0.05738900601863861,,,,,,,,,,,
96,27219,,,,,0.05666157603263855,,,,,,,,,,,
96,27229,,,,,0.05524256452918053,,,,,,,,,,,
96,27239,,,,,0.055362895131111145,,,,,,,,,,,
96,27249,,,,,0.05690240487456322,,,,,,,,,,,
96,27259,,,,,0.061579857021570206,,,,,,,,,,,
96,27269,,,,,0.052173130214214325,,,,,,,,,,,
96,27279,,,,,0.06003914773464203,,,,,,,,,,,
96,27289,,,,,0.05951309576630592,,,,,,,,,,,
96,27299,,,,,0.05742015317082405,,,,,,,,,,,
96,27309,,,,,0.05586635693907738,,,,,,,,,,,
96,27319,,,,,0.06128307804465294,,,,,,,,,,,
96,27329,,,,,0.06213117390871048,,,,,,,,,,,
96,27339,,,,,0.05912679433822632,,,,,,,,,,,
96,27349,,,,,0.05595794692635536,,,,,,,,,,,
96,27359,,,,,0.05812421813607216,,,,,,,,,,,
96,27369,,,,,0.05497407168149948,,,,,,,,,,,
96,27379,,,,,0.05682118982076645,,,,,,,,,,,
96,27389,,,,,0.05825049430131912,,,,,,,,,,,
96,27399,,,,,0.05669313669204712,,,,,,,,,,,
96,27409,,,,,0.05501502379775047,,,,,,,,,,,
96,27419,,,,,0.055901024490594864,,,,,,,,,,,
96,27429,,,,,0.05627559497952461,,,,,,,,,,,
96,27439,,,,,0.05842190980911255,,,,,,,,,,,
96,27449,,,,,0.0563940592110157,,,,,,,,,,,
96,96,0.019434875495015748,58.135413327597284,,,,,,,,,,,,,,
96,27450,,,,,,0.057209525257349014,,,,,,,,,,
97,27459,,,,,0.05954643338918686,,,,,,,,,,,
97,27469,,,,,0.057251572608947754,,,,,,,,,,,
97,27479,,,,,0.05635249614715576,,,,,,,,,,,
97,27489,,,,,0.0548131950199604,,,,,,,,,,,
97,27499,,,,,0.055594705045223236,,,,,,,,,,,
97,27509,,,,,0.05779213085770607,,,,,,,,,,,
97,27519,,,,,0.05799047648906708,,,,,,,,,,,
97,27529,,,,,0.05518237128853798,,,,,,,,,,,
97,27539,,,,,0.05354783684015274,,,,,,,,,,,
97,27549,,,,,0.060007426887750626,,,,,,,,,,,
97,27559,,,,,0.05702204629778862,,,,,,,,,,,
97,27569,,,,,0.055535655468702316,,,,,,,,,,,
97,27579,,,,,0.05536064878106117,,,,,,,,,,,
97,27589,,,,,0.05568013712763786,,,,,,,,,,,
97,27599,,,,,0.053139593452215195,,,,,,,,,,,
97,27609,,,,,0.057961151003837585,,,,,,,,,,,
97,27619,,,,,0.05935479700565338,,,,,,,,,,,
97,27629,,,,,0.058857809752225876,,,,,,,,,,,
97,27639,,,,,0.06151828542351723,,,,,,,,,,,
97,27649,,,,,0.057237472385168076,,,,,,,,,,,
97,27659,,,,,0.05958911031484604,,,,,,,,,,,
97,27669,,,,,0.05731327459216118,,,,,,,,,,,
97,27679,,,,,0.05778201296925545,,,,,,,,,,,
97,27689,,,,,0.05709283798933029,,,,,,,,,,,
97,27699,,,,,0.05474304035305977,,,,,,,,,,,
97,27709,,,,,0.05833441764116287,,,,,,,,,,,
97,27719,,,,,0.05420290306210518,,,,,,,,,,,
97,27729,,,,,0.05536140501499176,,,,,,,,,,,
97,97,0.019314981979732,57.94346763754004,,,,,,,,,,,,,,
97,27733,,,,,,0.05720878764986992,,,,,,,,,,
98,27739,,,,,0.053452830761671066,,,,,,,,,,,
98,27749,,,,,0.05460759252309799,,,,,,,,,,,
98,27759,,,,,0.05901948735117912,,,,,,,,,,,
98,27769,,,,,0.055232059210538864,,,,,,,,,,,
98,27779,,,,,0.05975686013698578,,,,,,,,,,,
98,27789,,,,,0.05744757503271103,,,,,,,,,,,
98,27799,,,,,0.05469318851828575,,,,,,,,,,,
98,27809,,,,,0.05702168866991997,,,,,,,,,,,
98,27819,,,,,0.05494489520788193,,,,,,,,,,,
98,27829,,,,,0.055054858326911926,,,,,,,,,,,
98,27839,,,,,0.05768438056111336,,,,,,,,,,,
98,27849,,,,,0.059838999062776566,,,,,,,,,,,
98,27859,,,,,0.05894080549478531,,,,,,,,,,,
98,27869,,,,,0.059151001274585724,,,,,,,,,,,
98,27879,,,,,0.056283190846443176,,,,,,,,,,,
98,27889,,,,,0.05675043910741806,,,,,,,,,,,
98,27899,,,,,0.050958067178726196,,,,,,,,,,,
98,27909,,,,,0.056948594748973846,,,,,,,,,,,
98,27919,,,,,0.058908622711896896,,,,,,,,,,,
98,27929,,,,,0.057361166924238205,,,,,,,,,,,
98,27939,,,,,0.058139026165008545,,,,,,,,,,,
98,27949,,,,,0.05253766477108002,,,,,,,,,,,
98,27959,,,,,0.05717545002698898,,,,,,,,,,,
98,27969,,,,,0.05860907584428787,,,,,,,,,,,
98,27979,,,,,0.05729792267084122,,,,,,,,,,,
98,27989,,,,,0.05802004411816597,,,,,,,,,,,
98,27999,,,,,0.05842002481222153,,,,,,,,,,,
98,28009,,,,,0.06042089685797691,,,,,,,,,,,
98,98,0.019349467995393353,57.7237973584485,,,,,,,,,,,,,,
98,28016,,,,,,0.05724405124783516,,,,,,,,,,
99,28019,,,,,0.05565250664949417,,,,,,,,,,,
99,28029,,,,,0.05644967034459114,,,,,,,,,,,
99,28039,,,,,0.05745852366089821,,,,,,,,,,,
99,28049,,,,,0.055280350148677826,,,,,,,,,,,
99,28059,,,,,0.055317431688308716,,,,,,,,,,,
99,28069,,,,,0.05542255565524101,,,,,,,,,,,
99,28079,,,,,0.06024176999926567,,,,,,,,,,,
99,28089,,,,,0.05793587490916252,,,,,,,,,,,
99,28099,,,,,0.05862357094883919,,,,,,,,,,,
99,28109,,,,,0.05604329705238342,,,,,,,,,,,
99,28119,,,,,0.05955535173416138,,,,,,,,,,,
99,28129,,,,,0.05775110796093941,,,,,,,,,,,
99,28139,,,,,0.058323703706264496,,,,,,,,,,,
99,28149,,,,,0.054770201444625854,,,,,,,,,,,
99,28159,,,,,0.053991757333278656,,,,,,,,,,,
99,28169,,,,,0.05570767819881439,,,,,,,,,,,
99,28179,,,,,0.05665075406432152,,,,,,,,,,,
99,28189,,,,,0.05783930420875549,,,,,,,,,,,
99,28199,,,,,0.05765875056385994,,,,,,,,,,,
99,28209,,,,,0.05548565462231636,,,,,,,,,,,
99,28219,,,,,0.05531218275427818,,,,,,,,,,,
99,28229,,,,,0.05752104893326759,,,,,,,,,,,
99,28239,,,,,0.056277792900800705,,,,,,,,,,,
99,28249,,,,,0.05676732212305069,,,,,,,,,,,
99,28259,,,,,0.059698715806007385,,,,,,,,,,,
99,28269,,,,,0.05369248986244202,,,,,,,,,,,
99,28279,,,,,0.05832375958561897,,,,,,,,,,,
99,28289,,,,,0.05745433270931244,,,,,,,,,,,
99,28299,,,,,0.0539499968290329,,,,,,,,,,,
99,99,,,0.499967485666275,0.0,,,0.056936742549116605,0.014147130772471428,,0.49691104888916016,,0.0,,0.05732633419125816,,0.014642579481005669
99,28299,,,,,,,,,0.49691104888916016,,0.0,,0.057326335459947586,,0.014642579481005669,
99,99,0.018568351919276777,57.52707225700801,,,,,,,,,,,,,,
99,28299,,,,,,0.057228051126003265,,,,,,,,,,
100,28309,,,,,0.05587947741150856,,,,,,,,,,,
100,28319,,,,,0.05602787807583809,,,,,,,,,,,
100,28329,,,,,0.06060785427689552,,,,,,,,,,,
100,28339,,,,,0.06039996072649956,,,,,,,,,,,
100,28349,,,,,0.06100206822156906,,,,,,,,,,,
100,28359,,,,,0.060089513659477234,,,,,,,,,,,
100,28369,,,,,0.057338543236255646,,,,,,,,,,,
100,28379,,,,,0.06163007766008377,,,,,,,,,,,
100,28389,,,,,0.059229906648397446,,,,,,,,,,,
100,28399,,,,,0.055300451815128326,,,,,,,,,,,
100,28409,,,,,0.05767025053501129,,,,,,,,,,,
100,28419,,,,,0.05667804926633835,,,,,,,,,,,
100,28429,,,,,0.05349794775247574,,,,,,,,,,,
100,28439,,,,,0.06007755547761917,,,,,,,,,,,
100,28449,,,,,0.05859209597110748,,,,,,,,,,,
100,28459,,,,,0.05938616767525673,,,,,,,,,,,
100,28469,,,,,0.057304710149765015,,,,,,,,,,,
100,28479,,,,,0.05589261278510094,,,,,,,,,,,
100,28489,,,,,0.060909073799848557,,,,,,,,,,,
100,28499,,,,,0.060639701783657074,,,,,,,,,,,
100,28509,,,,,0.05601843073964119,,,,,,,,,,,
100,28519,,,,,0.057700108736753464,,,,,,,,,,,
100,28529,,,,,0.05798029527068138,,,,,,,,,,,
100,28539,,,,,0.05460233613848686,,,,,,,,,,,
100,28549,,,,,0.05552239343523979,,,,,,,,,,,
100,28559,,,,,0.06226151064038277,,,,,,,,,,,
100,28569,,,,,0.056399546563625336,,,,,,,,,,,
100,28579,,,,,0.054072506725788116,,,,,,,,,,,
100,100,0.019616313034121487,57.318597580195494,,,,,,,,,,,,,,
100,28582,,,,,,0.05720684304833412,,,,,,,,,,
101,28589,,,,,0.0545724481344223,,,,,,,,,,,
101,28599,,,,,0.05684851109981537,,,,,,,,,,,
101,28609,,,,,0.05436887592077255,,,,,,,,,,,
101,28619,,,,,0.0561654269695282,,,,,,,,,,,
101,28629,,,,,0.05851953476667404,,,,,,,,,,,
101,28639,,,,,0.05395960435271263,,,,,,,,,,,
101,28649,,,,,0.05801502615213394,,,,,,,,,,,
101,28659,,,,,0.05835939198732376,,,,,,,,,,,
101,28669,,,,,0.056633103638887405,,,,,,,,,,,
101,28679,,,,,0.05439545586705208,,,,,,,,,,,
101,28689,,,,,0.05877159908413887,,,,,,,,,,,
101,28699,,,,,0.0560394749045372,,,,,,,,,,,
101,28709,,,,,0.0545765720307827,,,,,,,,,,,
101,28719,,,,,0.057017210870981216,,,,,,,,,,,
101,28729,,,,,0.05467924103140831,,,,,,,,,,,
101,28739,,,,,0.058668602257966995,,,,,,,,,,,
101,28749,,,,,0.05727748945355415,,,,,,,,,,,
101,28759,,,,,0.06037485972046852,,,,,,,,,,,
101,28769,,,,,0.05840594321489334,,,,,,,,,,,
101,28779,,,,,0.06074894964694977,,,,,,,,,,,
101,28789,,,,,0.05887454003095627,,,,,,,,,,,
101,28799,,,,,0.05416642874479294,,,,,,,,,,,
101,28809,,,,,0.05732174590229988,,,,,,,,,,,
101,28819,,,,,0.055535558611154556,,,,,,,,,,,
101,28829,,,,,0.05670959874987602,,,,,,,,,,,
101,28839,,,,,0.05633452162146568,,,,,,,,,,,
101,28849,,,,,0.05319499224424362,,,,,,,,,,,
101,28859,,,,,0.053835947066545486,,,,,,,,,,,
101,101,0.018599353134488603,57.09664429857525,,,,,,,,,,,,,,
101,28865,,,,,,0.05720391869544983,,,,,,,,,,
102,28869,,,,,0.05805303901433945,,,,,,,,,,,
102,28879,,,,,0.05852262303233147,,,,,,,,,,,
102,28889,,,,,0.05770740285515785,,,,,,,,,,,
102,28899,,,,,0.053000327199697495,,,,,,,,,,,
102,28909,,,,,0.056618668138980865,,,,,,,,,,,
102,28919,,,,,0.055438682436943054,,,,,,,,,,,
102,28929,,,,,0.054426830261945724,,,,,,,,,,,
102,28939,,,,,0.05937132239341736,,,,,,,,,,,
102,28949,,,,,0.06077207624912262,,,,,,,,,,,
102,28959,,,,,0.05445673689246178,,,,,,,,,,,
102,28969,,,,,0.05659160763025284,,,,,,,,,,,
102,28979,,,,,0.05927804857492447,,,,,,,,,,,
102,28989,,,,,0.05894383415579796,,,,,,,,,,,
102,28999,,,,,0.057584963738918304,,,,,,,,,,,
102,29009,,,,,0.06073544919490814,,,,,,,,,,,
102,29019,,,,,0.05443985015153885,,,,,,,,,,,
102,29029,,,,,0.059096451848745346,,,,,,,,,,,
102,29039,,,,,0.058839477598667145,,,,,,,,,,,
102,29049,,,,,0.05192762240767479,,,,,,,,,,,
102,29059,,,,,0.05639266222715378,,,,,,,,,,,
102,29069,,,,,0.056504782289266586,,,,,,,,,,,
102,29079,,,,,0.05847560986876488,,,,,,,,,,,
102,29089,,,,,0.05572785437107086,,,,,,,,,,,
102,29099,,,,,0.057858798652887344,,,,,,,,,,,
102,29109,,,,,0.055445291101932526,,,,,,,,,,,
102,29119,,,,,0.056643467396497726,,,,,,,,,,,
102,29129,,,,,0.05659947544336319,,,,,,,,,,,
102,29139,,,,,0.05712350830435753,,,,,,,,,,,
102,102,0.017375279579594567,56.86017897212328,,,,,,,,,,,,,,
102,29148,,,,,,0.057206813246011734,,,,,,,,,,
103,29149,,,,,0.06296195834875107,,,,,,,,,,,
103,29159,,,,,0.06110014393925667,,,,,,,,,,,
103,29169,,,,,0.05353916063904762,,,,,,,,,,,
103,29179,,,,,0.056547924876213074,,,,,,,,,,,
103,29189,,,,,0.05704423785209656,,,,,,,,,,,
103,29199,,,,,0.05432584136724472,,,,,,,,,,,
103,29209,,,,,0.057436827570199966,,,,,,,,,,,
103,29219,,,,,0.055908359587192535,,,,,,,,,,,
103,29229,,,,,0.05655902624130249,,,,,,,,,,,
103,29239,,,,,0.06054119020700455,,,,,,,,,,,
103,29249,,,,,0.05738428980112076,,,,,,,,,,,
103,29259,,,,,0.056892815977334976,,,,,,,,,,,
103,29269,,,,,0.05615224316716194,,,,,,,,,,,
103,29279,,,,,0.06448762118816376,,,,,,,,,,,
103,29289,,,,,0.05875401571393013,,,,,,,,,,,
103,29299,,,,,0.062474191188812256,,,,,,,,,,,
103,29309,,,,,0.05946158245205879,,,,,,,,,,,
103,29319,,,,,0.057345420122146606,,,,,,,,,,,
103,29329,,,,,0.060268014669418335,,,,,,,,,,,
103,29339,,,,,0.054351598024368286,,,,,,,,,,,
103,29349,,,,,0.060673926025629044,,,,,,,,,,,
103,29359,,,,,0.05811255797743797,,,,,,,,,,,
103,29369,,,,,0.05743688717484474,,,,,,,,,,,
103,29379,,,,,0.053210776299238205,,,,,,,,,,,
103,29389,,,,,0.05321783199906349,,,,,,,,,,,
103,29399,,,,,0.05569494515657425,,,,,,,,,,,
103,29409,,,,,0.05492953956127167,,,,,,,,,,,
103,29419,,,,,0.057745419442653656,,,,,,,,,,,
103,29429,,,,,0.058558139950037,,,,,,,,,,,
103,103,0.03172466064137668,56.68126550753261,,,,,,,,,,,,,,
103,29431,,,,,,0.057196345180273056,,,,,,,,,,
104,29439,,,,,0.06316308677196503,,,,,,,,,,,
104,29449,,,,,0.061906639486551285,,,,,,,,,,,
104,29459,,,,,0.053851623088121414,,,,,,,,,,,
104,29469,,,,,0.05820939317345619,,,,,,,,,,,
104,29479,,,,,0.05880849435925484,,,,,,,,,,,
104,29489,,,,,0.06002582982182503,,,,,,,,,,,
104,29499,,,,,0.052656833082437515,,,,,,,,,,,
104,29509,,,,,0.059641238301992416,,,,,,,,,,,
104,29519,,,,,0.05548614263534546,,,,,,,,,,,
104,29529,,,,,0.05543464049696922,,,,,,,,,,,
104,29539,,,,,0.055077917873859406,,,,,,,,,,,
104,29549,,,,,0.054191239178180695,,,,,,,,,,,
104,29559,,,,,0.058490727096796036,,,,,,,,,,,
104,29569,,,,,0.058385081589221954,,,,,,,,,,,
104,29579,,,,,0.053626902401447296,,,,,,,,,,,
104,29589,,,,,0.061267394572496414,,,,,,,,,,,
104,29599,,,,,0.0572734959423542,,,,,,,,,,,
104,29609,,,,,0.057783886790275574,,,,,,,,,,,
104,29619,,,,,0.06313537806272507,,,,,,,,,,,
104,29629,,,,,0.05647767707705498,,,,,,,,,,,
104,29639,,,,,0.05611858889460564,,,,,,,,,,,
104,29649,,,,,0.058397043496370316,,,,,,,,,,,
104,29659,,,,,0.05911670997738838,,,,,,,,,,,
104,29669,,,,,0.05910737067461014,,,,,,,,,,,
104,29679,,,,,0.06114369258284569,,,,,,,,,,,
104,29689,,,,,0.05854890123009682,,,,,,,,,,,
104,29699,,,,,0.06016133725643158,,,,,,,,,,,
104,29709,,,,,0.0556228868663311,,,,,,,,,,,
104,104,0.019589627344247303,56.501522473305855,,,,,,,,,,,,,,
104,29714,,,,,,0.057199347764253616,,,,,,,,,,
105,29719,,,,,0.05499909073114395,,,,,,,,,,,
105,29729,,,,,0.05844694748520851,,,,,,,,,,,
105,29739,,,,,0.06377469003200531,,,,,,,,,,,
105,29749,,,,,0.056229203939437866,,,,,,,,,,,
105,29759,,,,,0.06036003306508064,,,,,,,,,,,
105,29769,,,,,0.057229459285736084,,,,,,,,,,,
105,29779,,,,,0.05870455130934715,,,,,,,,,,,
105,29789,,,,,0.05717066675424576,,,,,,,,,,,
105,29799,,,,,0.06142029911279678,,,,,,,,,,,
105,29809,,,,,0.05499947443604469,,,,,,,,,,,
105,29819,,,,,0.05769973620772362,,,,,,,,,,,
105,29829,,,,,0.058694321662187576,,,,,,,,,,,
105,29839,,,,,0.056043051183223724,,,,,,,,,,,
105,29849,,,,,0.05464763194322586,,,,,,,,,,,
105,29859,,,,,0.057510118931531906,,,,,,,,,,,
105,29869,,,,,0.060407284647226334,,,,,,,,,,,
105,29879,,,,,0.055870480835437775,,,,,,,,,,,
105,29889,,,,,0.05774684250354767,,,,,,,,,,,
105,29899,,,,,0.055741820484399796,,,,,,,,,,,
105,29909,,,,,0.05733883008360863,,,,,,,,,,,
105,29919,,,,,0.05808674916625023,,,,,,,,,,,
105,29929,,,,,0.055674172937870026,,,,,,,,,,,
105,29939,,,,,0.057971928268671036,,,,,,,,,,,
105,29949,,,,,0.053753562271595,,,,,,,,,,,
105,29959,,,,,0.05494113638997078,,,,,,,,,,,
105,29969,,,,,0.06078939139842987,,,,,,,,,,,
105,29979,,,,,0.05730604752898216,,,,,,,,,,,
105,29989,,,,,0.0552879273891449,,,,,,,,,,,
105,105,0.018219516506443562,56.301385109441874,,,,,,,,,,,,,,
105,29997,,,,,,0.05719131603837013,,,,,,,,,,
106,29999,,,,,0.059942759573459625,,,,,,,,,,,
106,30009,,,,,0.059338297694921494,,,,,,,,,,,
106,30019,,,,,0.0562833771109581,,,,,,,,,,,
106,30029,,,,,0.06136404722929001,,,,,,,,,,,
106,30039,,,,,0.060150206089019775,,,,,,,,,,,
106,30049,,,,,0.055405016988515854,,,,,,,,,,,
106,30059,,,,,0.05675110965967178,,,,,,,,,,,
106,30069,,,,,0.05921991914510727,,,,,,,,,,,
106,30079,,,,,0.05531392619013786,,,,,,,,,,,
106,30089,,,,,0.057793810963630676,,,,,,,,,,,
106,30099,,,,,0.06016342714428902,,,,,,,,,,,
106,30109,,,,,0.054856158792972565,,,,,,,,,,,
106,30119,,,,,0.056390244513750076,,,,,,,,,,,
106,30129,,,,,0.056687816977500916,,,,,,,,,,,
106,30139,,,,,0.061407238245010376,,,,,,,,,,,
106,30149,,,,,0.0549980029463768,,,,,,,,,,,
106,30159,,,,,0.05581347644329071,,,,,,,,,,,
106,30169,,,,,0.05548208951950073,,,,,,,,,,,
106,30179,,,,,0.05927703529596329,,,,,,,,,,,
106,30189,,,,,0.05429910868406296,,,,,,,,,,,
106,30199,,,,,0.06151557341217995,,,,,,,,,,,
106,30209,,,,,0.05818470939993858,,,,,,,,,,,
106,30219,,,,,0.060397252440452576,,,,,,,,,,,
106,30229,,,,,0.055976733565330505,,,,,,,,,,,
106,30239,,,,,0.05614271014928818,,,,,,,,,,,
106,30249,,,,,0.057499442249536514,,,,,,,,,,,
106,30259,,,,,0.05657234787940979,,,,,,,,,,,
106,30269,,,,,0.057543039321899414,,,,,,,,,,,
106,30279,,,,,0.056423772126436234,,,,,,,,,,,
106,106,0.015157113818697826,56.097167283846844,,,,,,,,,,,,,,
106,30280,,,,,,0.05719742551445961,,,,,,,,,,
107,30289,,,,,0.055762212723493576,,,,,,,,,,,
107,30299,,,,,0.05492258071899414,,,,,,,,,,,
107,30309,,,,,0.05393392965197563,,,,,,,,,,,
107,30319,,,,,0.0552116259932518,,,,,,,,,,,
107,30329,,,,,0.05745583400130272,,,,,,,,,,,
107,30339,,,,,0.05718639865517616,,,,,,,,,,,
107,30349,,,,,0.05804571881890297,,,,,,,,,,,
107,30359,,,,,0.058630894869565964,,,,,,,,,,,
107,30369,,,,,0.05717984586954117,,,,,,,,,,,
107,30379,,,,,0.055870190262794495,,,,,,,,,,,
107,30389,,,,,0.05564528703689575,,,,,,,,,,,
107,30399,,,,,0.05930238962173462,,,,,,,,,,,
107,30409,,,,,0.05470415949821472,,,,,,,,,,,
107,30419,,,,,0.054005589336156845,,,,,,,,,,,
107,30429,,,,,0.0525689423084259,,,,,,,,,,,
107,30439,,,,,0.057388391345739365,,,,,,,,,,,
107,30449,,,,,0.055954623967409134,,,,,,,,,,,
107,30459,,,,,0.054850272834300995,,,,,,,,,,,
107,30469,,,,,0.05644988268613815,,,,,,,,,,,
107,30479,,,,,0.05777139589190483,,,,,,,,,,,
107,30489,,,,,0.0594671368598938,,,,,,,,,,,
107,30499,,,,,0.054539963603019714,,,,,,,,,,,
107,30509,,,,,0.058097489178180695,,,,,,,,,,,
107,30519,,,,,0.059265024960041046,,,,,,,,,,,
107,30529,,,,,0.05965619906783104,,,,,,,,,,,
107,30539,,,,,0.05731122940778732,,,,,,,,,,,
107,30549,,,,,0.06041589379310608,,,,,,,,,,,
107,30559,,,,,0.05872037261724472,,,,,,,,,,,
107,107,0.01756180933051741,55.88419716855404,,,,,,,,,,,,,,
107,30563,,,,,,0.05720232427120209,,,,,,,,,,
108,30569,,,,,0.059997014701366425,,,,,,,,,,,
108,30579,,,,,0.058102842420339584,,,,,,,,,,,
108,30589,,,,,0.0556224063038826,,,,,,,,,,,
108,30599,,,,,0.05957638472318649,,,,,,,,,,,
108,30609,,,,,0.060290127992630005,,,,,,,,,,,
108,30619,,,,,0.0580257810652256,,,,,,,,,,,
108,30629,,,,,0.057637400925159454,,,,,,,,,,,
108,30639,,,,,0.05789920687675476,,,,,,,,,,,
108,30649,,,,,0.057091403752565384,,,,,,,,,,,
108,30659,,,,,0.057421810925006866,,,,,,,,,,,
108,30669,,,,,0.05561220645904541,,,,,,,,,,,
108,30679,,,,,0.05439525097608566,,,,,,,,,,,
108,30689,,,,,0.05929174646735191,,,,,,,,,,,
108,30699,,,,,0.055274393409490585,,,,,,,,,,,
108,30709,,,,,0.054890695959329605,,,,,,,,,,,
108,30719,,,,,0.05647100508213043,,,,,,,,,,,
108,30729,,,,,0.05897846072912216,,,,,,,,,,,
108,30739,,,,,0.05822884291410446,,,,,,,,,,,
108,30749,,,,,0.06088260933756828,,,,,,,,,,,
108,30759,,,,,0.05716220661997795,,,,,,,,,,,
108,30769,,,,,0.054840002208948135,,,,,,,,,,,
108,30779,,,,,0.05534279718995094,,,,,,,,,,,
108,30789,,,,,0.060073789209127426,,,,,,,,,,,
108,30799,,,,,0.060673631727695465,,,,,,,,,,,
108,30809,,,,,0.056621018797159195,,,,,,,,,,,
108,30819,,,,,0.06037690117955208,,,,,,,,,,,
108,30829,,,,,0.05714893713593483,,,,,,,,,,,
108,30839,,,,,0.05885765329003334,,,,,,,,,,,
108,108,0.017264283636092604,55.68656275259964,,,,,,,,,,,,,,
108,30846,,,,,,0.05722086504101753,,,,,,,,,,
109,30849,,,,,0.05509548261761665,,,,,,,,,,,
109,30859,,,,,0.05883941426873207,,,,,,,,,,,
109,30869,,,,,0.056594543159008026,,,,,,,,,,,
109,30879,,,,,0.05650433897972107,,,,,,,,,,,
109,30889,,,,,0.05554450675845146,,,,,,,,,,,
109,30899,,,,,0.057336777448654175,,,,,,,,,,,
109,30909,,,,,0.06184791773557663,,,,,,,,,,,
109,30919,,,,,0.054027073085308075,,,,,,,,,,,
109,30929,,,,,0.05690787732601166,,,,,,,,,,,
109,30939,,,,,0.05838103964924812,,,,,,,,,,,
109,30949,,,,,0.057748861610889435,,,,,,,,,,,
109,30959,,,,,0.055021606385707855,,,,,,,,,,,
109,30969,,,,,0.05557499825954437,,,,,,,,,,,
109,30979,,,,,0.058144934475421906,,,,,,,,,,,
109,30989,,,,,0.059593334794044495,,,,,,,,,,,
109,30999,,,,,0.054956626147031784,,,,,,,,,,,
109,31009,,,,,0.06396647542715073,,,,,,,,,,,
109,31019,,,,,0.057235728949308395,,,,,,,,,,,
109,31029,,,,,0.05745779722929001,,,,,,,,,,,
109,31039,,,,,0.05705588683485985,,,,,,,,,,,
109,31049,,,,,0.060582712292671204,,,,,,,,,,,
109,31059,,,,,0.057413794100284576,,,,,,,,,,,
109,31069,,,,,0.05874423682689667,,,,,,,,,,,
109,31079,,,,,0.054502133280038834,,,,,,,,,,,
109,31089,,,,,0.055086590349674225,,,,,,,,,,,
109,31099,,,,,0.05784846469759941,,,,,,,,,,,
109,31109,,,,,0.054356567561626434,,,,,,,,,,,
109,31119,,,,,0.05535590648651123,,,,,,,,,,,
109,31129,,,,,0.05753184109926224,,,,,,,,,,,
109,109,,,0.5000938773155212,0.0,,,0.05695269094723324,0.014124301262199879,,0.49272337555885315,,0.0,,0.05734624799188911,,0.01421300694346428
109,31129,,,,,,,,,0.49272337555885315,,0.0,,0.057346247136592865,,0.01421300694346428,
109,109,0.017452911289863843,55.476771112165316,,,,,,,,,,,,,,
109,31129,,,,,,0.05719083547592163,,,,,,,,,,
110,31139,,,,,0.05654609203338623,,,,,,,,,,,
110,31149,,,,,0.05407750606536865,,,,,,,,,,,
110,31159,,,,,0.05745425820350647,,,,,,,,,,,
110,31169,,,,,0.058472372591495514,,,,,,,,,,,
110,31179,,,,,0.05939944460988045,,,,,,,,,,,
110,31189,,,,,0.056087687611579895,,,,,,,,,,,
110,31199,,,,,0.05653662607073784,,,,,,,,,,,
110,31209,,,,,0.05655178800225258,,,,,,,,,,,
110,31219,,,,,0.05741287022829056,,,,,,,,,,,
110,31229,,,,,0.05806214362382889,,,,,,,,,,,
110,31239,,,,,0.05973010137677193,,,,,,,,,,,
110,31249,,,,,0.05810544267296791,,,,,,,,,,,
110,31259,,,,,0.058798667043447495,,,,,,,,,,,
110,31269,,,,,0.05854414030909538,,,,,,,,,,,
110,31279,,,,,0.056556474417448044,,,,,,,,,,,
110,31289,,,,,0.0590185783803463,,,,,,,,,,,
110,31299,,,,,0.05722298473119736,,,,,,,,,,,
110,31309,,,,,0.05415752902626991,,,,,,,,,,,
110,31319,,,,,0.05631326884031296,,,,,,,,,,,
110,31329,,,,,0.05315864086151123,,,,,,,,,,,
110,31339,,,,,0.06038713827729225,,,,,,,,,,,
110,31349,,,,,0.0563681460916996,,,,,,,,,,,
110,31359,,,,,0.0565386600792408,,,,,,,,,,,
110,31369,,,,,0.05942139774560928,,,,,,,,,,,
110,31379,,,,,0.05925784632563591,,,,,,,,,,,
110,31389,,,,,0.05752652883529663,,,,,,,,,,,
110,31399,,,,,0.053131699562072754,,,,,,,,,,,
110,31409,,,,,0.0575479120016098,,,,,,,,,,,
110,110,0.016437394547999997,55.26330843381992,,,,,,,,,,,,,,
110,31412,,,,,,0.05720227211713791,,,,,,,,,,
111,31419,,,,,0.05744810774922371,,,,,,,,,,,
111,31429,,,,,0.05350136756896973,,,,,,,,,,,
111,31439,,,,,0.05601094663143158,,,,,,,,,,,
111,31449,,,,,0.05767214298248291,,,,,,,,,,,
111,31459,,,,,0.05673951283097267,,,,,,,,,,,
111,31469,,,,,0.05623934045433998,,,,,,,,,,,
111,31479,,,,,0.054063621908426285,,,,,,,,,,,
111,31489,,,,,0.05595466122031212,,,,,,,,,,,
111,31499,,,,,0.05503327399492264,,,,,,,,,,,
111,31509,,,,,0.05540905520319939,,,,,,,,,,,
111,31519,,,,,0.06114661693572998,,,,,,,,,,,
111,31529,,,,,0.05336908996105194,,,,,,,,,,,
111,31539,,,,,0.05690369755029678,,,,,,,,,,,
111,31549,,,,,0.06402471661567688,,,,,,,,,,,
111,31559,,,,,0.055095139890909195,,,,,,,,,,,
111,31569,,,,,0.057222411036491394,,,,,,,,,,,
111,31579,,,,,0.06288659572601318,,,,,,,,,,,
111,31589,,,,,0.0554540641605854,,,,,,,,,,,
111,31599,,,,,0.05941704660654068,,,,,,,,,,,
111,31609,,,,,0.05653710663318634,,,,,,,,,,,
111,31619,,,,,0.05468127131462097,,,,,,,,,,,
111,31629,,,,,0.05589469522237778,,,,,,,,,,,
111,31639,,,,,0.05613083392381668,,,,,,,,,,,
111,31649,,,,,0.053933776915073395,,,,,,,,,,,
111,31659,,,,,0.05594135448336601,,,,,,,,,,,
111,31669,,,,,0.05395164713263512,,,,,,,,,,,
111,31679,,,,,0.059897396713495255,,,,,,,,,,,
111,31689,,,,,0.056218307465314865,,,,,,,,,,,
111,111,0.017552601937371952,55.05918980225774,,,,,,,,,,,,,,
111,31695,,,,,,0.057209234684705734,,,,,,,,,,
112,31699,,,,,0.057169973850250244,,,,,,,,,,,
112,31709,,,,,0.06020500510931015,,,,,,,,,,,
112,31719,,,,,0.05644386634230614,,,,,,,,,,,
112,31729,,,,,0.05403190106153488,,,,,,,,,,,
112,31739,,,,,0.056822117418050766,,,,,,,,,,,
112,31749,,,,,0.05653347820043564,,,,,,,,,,,
112,31759,,,,,0.05818486213684082,,,,,,,,,,,
112,31769,,,,,0.05865413695573807,,,,,,,,,,,
112,31779,,,,,0.0569271594285965,,,,,,,,,,,
112,31789,,,,,0.0586337074637413,,,,,,,,,,,
112,31799,,,,,0.059672873467206955,,,,,,,,,,,
112,31809,,,,,0.05704927071928978,,,,,,,,,,,
112,31819,,,,,0.05363326892256737,,,,,,,,,,,
112,31829,,,,,0.05777602270245552,,,,,,,,,,,
112,31839,,,,,0.05471086874604225,,,,,,,,,,,
112,31849,,,,,0.05626799911260605,,,,,,,,,,,
112,31859,,,,,0.05708380043506622,,,,,,,,,,,
112,31869,,,,,0.059112921357154846,,,,,,,,,,,
112,31879,,,,,0.056602347642183304,,,,,,,,,,,
112,31889,,,,,0.05428680405020714,,,,,,,,,,,
112,31899,,,,,0.0582166351377964,,,,,,,,,,,
112,31909,,,,,0.057335015386343,,,,,,,,,,,
112,31919,,,,,0.05597468093037605,,,,,,,,,,,
112,31929,,,,,0.05689200386404991,,,,,,,,,,,
112,31939,,,,,0.05738339573144913,,,,,,,,,,,
112,31949,,,,,0.05488487333059311,,,,,,,,,,,
112,31959,,,,,0.055138666182756424,,,,,,,,,,,
112,31969,,,,,0.0599035769701004,,,,,,,,,,,
112,112,0.018838311526360705,54.85872444862397,,,,,,,,,,,,,,
112,31978,,,,,,0.05717933177947998,,,,,,,,,,
113,31979,,,,,0.056408703327178955,,,,,,,,,,,
113,31989,,,,,0.059008996933698654,,,,,,,,,,,
113,31999,,,,,0.05766144394874573,,,,,,,,,,,
113,32009,,,,,0.0534852035343647,,,,,,,,,,,
113,32019,,,,,0.06055939942598343,,,,,,,,,,,
113,32029,,,,,0.058416854590177536,,,,,,,,,,,
113,32039,,,,,0.05791286379098892,,,,,,,,,,,
113,32049,,,,,0.06289675086736679,,,,,,,,,,,
113,32059,,,,,0.059727031737565994,,,,,,,,,,,
113,32069,,,,,0.0584416501224041,,,,,,,,,,,
113,32079,,,,,0.0544092133641243,,,,,,,,,,,
113,32089,,,,,0.05602329596877098,,,,,,,,,,,
113,32099,,,,,0.05548194423317909,,,,,,,,,,,
113,32109,,,,,0.05585277080535889,,,,,,,,,,,
113,32119,,,,,0.05578834190964699,,,,,,,,,,,
113,32129,,,,,0.054313432425260544,,,,,,,,,,,
113,32139,,,,,0.05961556360125542,,,,,,,,,,,
113,32149,,,,,0.05546034872531891,,,,,,,,,,,
113,32159,,,,,0.056078679859638214,,,,,,,,,,,
113,32169,,,,,0.055835336446762085,,,,,,,,,,,
113,32179,,,,,0.0611780509352684,,,,,,,,,,,
113,32189,,,,,0.056363217532634735,,,,,,,,,,,
113,32199,,,,,0.0559854730963707,,,,,,,,,,,
113,32209,,,,,0.05754514038562775,,,,,,,,,,,
113,32219,,,,,0.061251699924468994,,,,,,,,,,,
113,32229,,,,,0.05710978806018829,,,,,,,,,,,
113,32239,,,,,0.058788951486349106,,,,,,,,,,,
113,32249,,,,,0.05639736354351044,,,,,,,,,,,
113,32259,,,,,0.058998849242925644,,,,,,,,,,,
113,113,0.017627456596828815,54.64979321102286,,,,,,,,,,,,,,
113,32261,,,,,,0.05721205472946167,,,,,,,,,,
114,32269,,,,,0.05743340775370598,,,,,,,,,,,
114,32279,,,,,0.05421830341219902,,,,,,,,,,,
114,32289,,,,,0.05707752704620361,,,,,,,,,,,
114,32299,,,,,0.055413439869880676,,,,,,,,,,,
114,32309,,,,,0.05961667373776436,,,,,,,,,,,
114,32319,,,,,0.05540953204035759,,,,,,,,,,,
114,32329,,,,,0.05394848436117172,,,,,,,,,,,
114,32339,,,,,0.05931304767727852,,,,,,,,,,,
114,32349,,,,,0.055130425840616226,,,,,,,,,,,
114,32359,,,,,0.05741644650697708,,,,,,,,,,,
114,32369,,,,,0.058349449187517166,,,,,,,,,,,
114,32379,,,,,0.05849222093820572,,,,,,,,,,,
114,32389,,,,,0.054915085434913635,,,,,,,,,,,
114,32399,,,,,0.05786784365773201,,,,,,,,,,,
114,32409,,,,,0.05965516343712807,,,,,,,,,,,
114,32419,,,,,0.059370432049036026,,,,,,,,,,,
114,32429,,,,,0.05540846288204193,,,,,,,,,,,
114,32439,,,,,0.05579692870378494,,,,,,,,,,,
114,32449,,,,,0.055855896323919296,,,,,,,,,,,
114,32459,,,,,0.055973514914512634,,,,,,,,,,,
114,32469,,,,,0.061641063541173935,,,,,,,,,,,
114,32479,,,,,0.05950087681412697,,,,,,,,,,,
114,32489,,,,,0.056941092014312744,,,,,,,,,,,
114,32499,,,,,0.05350771173834801,,,,,,,,,,,
114,32509,,,,,0.05675611272454262,,,,,,,,,,,
114,32519,,,,,0.05692736804485321,,,,,,,,,,,
114,32529,,,,,0.05855894461274147,,,,,,,,,,,
114,32539,,,,,0.05707785487174988,,,,,,,,,,,
114,114,0.015536323309666611,54.40904947170944,,,,,,,,,,,,,,
114,32544,,,,,,0.057160936295986176,,,,,,,,,,
115,32549,,,,,0.06056144833564758,,,,,,,,,,,
115,32559,,,,,0.05646469071507454,,,,,,,,,,,
115,32569,,,,,0.058923203498125076,,,,,,,,,,,
115,32579,,,,,0.058587804436683655,,,,,,,,,,,
115,32589,,,,,0.05458265170454979,,,,,,,,,,,
115,32599,,,,,0.056348998099565506,,,,,,,,,,,
115,32609,,,,,0.058427780866622925,,,,,,,,,,,
115,32619,,,,,0.0606682114303112,,,,,,,,,,,
115,32629,,,,,0.05538862198591232,,,,,,,,,,,
115,32639,,,,,0.05514523759484291,,,,,,,,,,,
115,32649,,,,,0.05970555171370506,,,,,,,,,,,
115,32659,,,,,0.0560365691781044,,,,,,,,,,,
115,32669,,,,,0.055782806128263474,,,,,,,,,,,
115,32679,,,,,0.060156408697366714,,,,,,,,,,,
115,32689,,,,,0.05606518313288689,,,,,,,,,,,
115,32699,,,,,0.05559869855642319,,,,,,,,,,,
115,32709,,,,,0.05618799477815628,,,,,,,,,,,
115,32719,,,,,0.0571083165705204,,,,,,,,,,,
115,32729,,,,,0.057852718979120255,,,,,,,,,,,
115,32739,,,,,0.055739231407642365,,,,,,,,,,,
115,32749,,,,,0.057690683752298355,,,,,,,,,,,
115,32759,,,,,0.05731296166777611,,,,,,,,,,,
115,32769,,,,,0.05826030299067497,,,,,,,,,,,
115,32779,,,,,0.05886920168995857,,,,,,,,,,,
115,32789,,,,,0.059932541102170944,,,,,,,,,,,
115,32799,,,,,0.052119381725788116,,,,,,,,,,,
115,32809,,,,,0.056872330605983734,,,,,,,,,,,
115,32819,,,,,0.058562181890010834,,,,,,,,,,,
115,115,0.01807682353342246,54.21584123186267,,,,,,,,,,,,,,
115,32827,,,,,,0.057207170873880386,,,,,,,,,,
116,32829,,,,,0.05792146921157837,,,,,,,,,,,
116,32839,,,,,0.054606158286333084,,,,,,,,,,,
116,32849,,,,,0.05514741688966751,,,,,,,,,,,
116,32859,,,,,0.0573984794318676,,,,,,,,,,,
116,32869,,,,,0.05290446802973747,,,,,,,,,,,
116,32879,,,,,0.0587032325565815,,,,,,,,,,,
116,32889,,,,,0.05722254514694214,,,,,,,,,,,
116,32899,,,,,0.05308176577091217,,,,,,,,,,,
116,32909,,,,,0.056821417063474655,,,,,,,,,,,
116,32919,,,,,0.05760061368346214,,,,,,,,,,,
116,32929,,,,,0.055579930543899536,,,,,,,,,,,
116,32939,,,,,0.05643517151474953,,,,,,,,,,,
116,32949,,,,,0.05780691280961037,,,,,,,,,,,
116,32959,,,,,0.05796562507748604,,,,,,,,,,,
116,32969,,,,,0.055736325681209564,,,,,,,,,,,
116,32979,,,,,0.0575232058763504,,,,,,,,,,,
116,32989,,,,,0.05668049305677414,,,,,,,,,,,
116,32999,,,,,0.055044859647750854,,,,,,,,,,,
116,33009,,,,,0.06290697306394577,,,,,,,,,,,
116,33019,,,,,0.05609389394521713,,,,,,,,,,,
116,33029,,,,,0.05964014306664467,,,,,,,,,,,
116,33039,,,,,0.0587221123278141,,,,,,,,,,,
116,33049,,,,,0.05899328365921974,,,,,,,,,,,
116,33059,,,,,0.059663549065589905,,,,,,,,,,,
116,33069,,,,,0.0544072687625885,,,,,,,,,,,
116,33079,,,,,0.05780159682035446,,,,,,,,,,,
116,33089,,,,,0.05351042374968529,,,,,,,,,,,
116,33099,,,,,0.05626210942864418,,,,,,,,,,,
116,33109,,,,,0.05430307611823082,,,,,,,,,,,
116,116,0.015101996999816398,54.01383504012159,,,,,,,,,,,,,,
116,33110,,,,,,0.05720070004463196,,,,,,,,,,
117,33119,,,,,0.058642636984586716,,,,,,,,,,,
117,33129,,,,,0.055226292461156845,,,,,,,,,,,
117,33139,,,,,0.0569550096988678,,,,,,,,,,,
117,33149,,,,,0.054559219628572464,,,,,,,,,,,
117,33159,,,,,0.05949585884809494,,,,,,,,,,,
117,33169,,,,,0.05734219774603844,,,,,,,,,,,
117,33179,,,,,0.05344885587692261,,,,,,,,,,,
117,33189,,,,,0.05766124650835991,,,,,,,,,,,
117,33199,,,,,0.05744237080216408,,,,,,,,,,,
117,33209,,,,,0.05928851291537285,,,,,,,,,,,
117,33219,,,,,0.05695577338337898,,,,,,,,,,,
117,33229,,,,,0.05975516140460968,,,,,,,,,,,
117,33239,,,,,0.053165286779403687,,,,,,,,,,,
117,33249,,,,,0.055010583251714706,,,,,,,,,,,
117,33259,,,,,0.055121127516031265,,,,,,,,,,,
117,33269,,,,,0.0524819940328598,,,,,,,,,,,
117,33279,,,,,0.05676688253879547,,,,,,,,,,,
117,33289,,,,,0.0601031668484211,,,,,,,,,,,
117,33299,,,,,0.055463653057813644,,,,,,,,,,,
117,33309,,,,,0.05559593439102173,,,,,,,,,,,
117,33319,,,,,0.05370043218135834,,,,,,,,,,,
117,33329,,,,,0.059347715228796005,,,,,,,,,,,
117,33339,,,,,0.05989644676446915,,,,,,,,,,,
117,33349,,,,,0.057551439851522446,,,,,,,,,,,
117,33359,,,,,0.06309586018323898,,,,,,,,,,,
117,33369,,,,,0.05586644262075424,,,,,,,,,,,
117,33379,,,,,0.055671997368335724,,,,,,,,,,,
117,33389,,,,,0.05706826597452164,,,,,,,,,,,
117,117,0.013152373576246946,53.8071642399823,,,,,,,,,,,,,,
117,33393,,,,,,0.05718442425131798,,,,,,,,,,
118,33399,,,,,0.05568530037999153,,,,,,,,,,,
118,33409,,,,,0.05616983398795128,,,,,,,,,,,
118,33419,,,,,0.058358971029520035,,,,,,,,,,,
118,33429,,,,,0.062033239752054214,,,,,,,,,,,
118,33439,,,,,0.059038195759058,,,,,,,,,,,
118,33449,,,,,0.0560295395553112,,,,,,,,,,,
118,33459,,,,,0.0551176518201828,,,,,,,,,,,
118,33469,,,,,0.053416136652231216,,,,,,,,,,,
118,33479,,,,,0.05460585281252861,,,,,,,,,,,
118,33489,,,,,0.05869986489415169,,,,,,,,,,,
118,33499,,,,,0.0586535818874836,,,,,,,,,,,
118,33509,,,,,0.054722417145967484,,,,,,,,,,,
118,33519,,,,,0.058021191507577896,,,,,,,,,,,
118,33529,,,,,0.05492750182747841,,,,,,,,,,,
118,33539,,,,,0.05817532166838646,,,,,,,,,,,
118,33549,,,,,0.05821901559829712,,,,,,,,,,,
118,33559,,,,,0.060211632400751114,,,,,,,,,,,
118,33569,,,,,0.054323770105838776,,,,,,,,,,,
118,33579,,,,,0.05626358464360237,,,,,,,,,,,
118,33589,,,,,0.055595774203538895,,,,,,,,,,,
118,33599,,,,,0.055958013981580734,,,,,,,,,,,
118,33609,,,,,0.05838807299733162,,,,,,,,,,,
118,33619,,,,,0.053485166281461716,,,,,,,,,,,
118,33629,,,,,0.05996738001704216,,,,,,,,,,,
118,33639,,,,,0.05521401762962341,,,,,,,,,,,
118,33649,,,,,0.05752177536487579,,,,,,,,,,,
118,33659,,,,,0.05419819802045822,,,,,,,,,,,
118,33669,,,,,0.057909104973077774,,,,,,,,,,,
118,118,0.016256241821942897,53.60562501488914,,,,,,,,,,,,,,
118,33676,,,,,,0.057204652577638626,,,,,,,,,,
119,33679,,,,,0.05849635973572731,,,,,,,,,,,
119,33689,,,,,0.0605970062315464,,,,,,,,,,,
119,33699,,,,,0.05837011709809303,,,,,,,,,,,
119,33709,,,,,0.05754450708627701,,,,,,,,,,,
119,33719,,,,,0.052897702902555466,,,,,,,,,,,
119,33729,,,,,0.0539991520345211,,,,,,,,,,,
119,33739,,,,,0.05463477596640587,,,,,,,,,,,
119,33749,,,,,0.0558108389377594,,,,,,,,,,,
119,33759,,,,,0.057422202080488205,,,,,,,,,,,
119,33769,,,,,0.05671967193484306,,,,,,,,,,,
119,33779,,,,,0.060052670538425446,,,,,,,,,,,
119,33789,,,,,0.052792344242334366,,,,,,,,,,,
119,33799,,,,,0.060173507779836655,,,,,,,,,,,
119,33809,,,,,0.05511575937271118,,,,,,,,,,,
119,33819,,,,,0.05792293697595596,,,,,,,,,,,
119,33829,,,,,0.05804755538702011,,,,,,,,,,,
119,33839,,,,,0.057635363191366196,,,,,,,,,,,
119,33849,,,,,0.05476415157318115,,,,,,,,,,,
119,33859,,,,,0.0584980808198452,,,,,,,,,,,
119,33869,,,,,0.0532570481300354,,,,,,,,,,,
119,33879,,,,,0.05896923691034317,,,,,,,,,,,
119,33889,,,,,0.06127101927995682,,,,,,,,,,,
119,33899,,,,,0.05733504518866539,,,,,,,,,,,
119,33909,,,,,0.05841236561536789,,,,,,,,,,,
119,33919,,,,,0.05500749498605728,,,,,,,,,,,
119,33929,,,,,0.0603727288544178,,,,,,,,,,,
119,33939,,,,,0.06206195428967476,,,,,,,,,,,
119,33949,,,,,0.054231565445661545,,,,,,,,,,,
119,33959,,,,,0.05488751083612442,,,,,,,,,,,
119,119,,,0.50006103515625,0.0,,,0.056935751970400635,0.014151787385344505,,0.4982536733150482,,0.0,,0.05733344559462703,,0.014682188630104065
119,33959,,,,,,,,,0.4982536733150482,,0.0,,0.05733345076441765,,0.014682188630104065,
119,119,0.015609579678686003,53.40873112520962,,,,,,,,,,,,,,
119,33959,,,,,,0.057210732251405716,,,,,,,,,,
120,33969,,,,,0.058656491339206696,,,,,,,,,,,
120,33979,,,,,0.05891938507556915,,,,,,,,,,,
120,33989,,,,,0.05832595005631447,,,,,,,,,,,
120,33999,,,,,0.056427963078022,,,,,,,,,,,
120,34009,,,,,0.058450497686862946,,,,,,,,,,,
120,34019,,,,,0.051016248762607574,,,,,,,,,,,
120,34029,,,,,0.05752936750650406,,,,,,,,,,,
120,34039,,,,,0.05582195147871971,,,,,,,,,,,
120,34049,,,,,0.05544860661029816,,,,,,,,,,,
120,34059,,,,,0.0588894747197628,,,,,,,,,,,
120,34069,,,,,0.055781908333301544,,,,,,,,,,,
120,34079,,,,,0.05667188763618469,,,,,,,,,,,
120,34089,,,,,0.05087203532457352,,,,,,,,,,,
120,34099,,,,,0.053944870829582214,,,,,,,,,,,
120,34109,,,,,0.06025233119726181,,,,,,,,,,,
120,34119,,,,,0.060410093516111374,,,,,,,,,,,
120,34129,,,,,0.054905544966459274,,,,,,,,,,,
120,34139,,,,,0.05981357768177986,,,,,,,,,,,
120,34149,,,,,0.0558151975274086,,,,,,,,,,,
120,34159,,,,,0.05654880404472351,,,,,,,,,,,
120,34169,,,,,0.05414443090558052,,,,,,,,,,,
120,34179,,,,,0.0600590817630291,,,,,,,,,,,
120,34189,,,,,0.05788629129528999,,,,,,,,,,,
120,34199,,,,,0.05896628275513649,,,,,,,,,,,
120,34209,,,,,0.057520005851984024,,,,,,,,,,,
120,34219,,,,,0.0577344112098217,,,,,,,,,,,
120,34229,,,,,0.057654235512018204,,,,,,,,,,,
120,34239,,,,,0.05855291709303856,,,,,,,,,,,
120,120,0.01679190431332908,53.17441684558519,,,,,,,,,,,,,,
120,34242,,,,,,0.05717025697231293,,,,,,,,,,
121,34249,,,,,0.0559467077255249,,,,,,,,,,,
121,34259,,,,,0.05692822113633156,,,,,,,,,,,
121,34269,,,,,0.05702557414770126,,,,,,,,,,,
121,34279,,,,,0.06067429482936859,,,,,,,,,,,
121,34289,,,,,0.05663200467824936,,,,,,,,,,,
121,34299,,,,,0.062113914638757706,,,,,,,,,,,
121,34309,,,,,0.056092746555805206,,,,,,,,,,,
121,34319,,,,,0.0602121576666832,,,,,,,,,,,
121,34329,,,,,0.0556582510471344,,,,,,,,,,,
121,34339,,,,,0.05812203139066696,,,,,,,,,,,
121,34349,,,,,0.056401774287223816,,,,,,,,,,,
121,34359,,,,,0.05606022849678993,,,,,,,,,,,
121,34369,,,,,0.05886775255203247,,,,,,,,,,,
121,34379,,,,,0.06026316434144974,,,,,,,,,,,
121,34389,,,,,0.057826749980449677,,,,,,,,,,,
121,34399,,,,,0.056813791394233704,,,,,,,,,,,
121,34409,,,,,0.05833272635936737,,,,,,,,,,,
121,34419,,,,,0.05513952672481537,,,,,,,,,,,
121,34429,,,,,0.05992674455046654,,,,,,,,,,,
121,34439,,,,,0.05596350505948067,,,,,,,,,,,
121,34449,,,,,0.05858401209115982,,,,,,,,,,,
121,34459,,,,,0.05533760413527489,,,,,,,,,,,
121,34469,,,,,0.058247558772563934,,,,,,,,,,,
121,34479,,,,,0.055309176445007324,,,,,,,,,,,
121,34489,,,,,0.05942653492093086,,,,,,,,,,,
121,34499,,,,,0.05541878566145897,,,,,,,,,,,
121,34509,,,,,0.05493631958961487,,,,,,,,,,,
121,34519,,,,,0.05551550164818764,,,,,,,,,,,
121,121,0.01453412664533027,52.957151984155665,,,,,,,,,,,,,,
121,34525,,,,,,0.05719031020998955,,,,,,,,,,
122,34529,,,,,0.05935876443982124,,,,,,,,,,,
122,34539,,,,,0.056951720267534256,,,,,,,,,,,
122,34549,,,,,0.05454450473189354,,,,,,,,,,,
122,34559,,,,,0.05633806064724922,,,,,,,,,,,
122,34569,,,,,0.059430863708257675,,,,,,,,,,,
122,34579,,,,,0.06091119721531868,,,,,,,,,,,
122,34589,,,,,0.056180454790592194,,,,,,,,,,,
122,34599,,,,,0.059968240559101105,,,,,,,,,,,
122,34609,,,,,0.056114207953214645,,,,,,,,,,,
122,34619,,,,,0.0610770545899868,,,,,,,,,,,
122,34629,,,,,0.0614505410194397,,,,,,,,,,,
122,34639,,,,,0.056285593658685684,,,,,,,,,,,
122,34649,,,,,0.05653604120016098,,,,,,,,,,,
122,34659,,,,,0.057192523032426834,,,,,,,,,,,
122,34669,,,,,0.05930732190608978,,,,,,,,,,,
122,34679,,,,,0.05889299139380455,,,,,,,,,,,
122,34689,,,,,0.05512283742427826,,,,,,,,,,,
122,34699,,,,,0.05493677407503128,,,,,,,,,,,
122,34709,,,,,0.057545214891433716,,,,,,,,,,,
122,34719,,,,,0.06245192885398865,,,,,,,,,,,
122,34729,,,,,0.05687190964818001,,,,,,,,,,,
122,34739,,,,,0.055168356746435165,,,,,,,,,,,
122,34749,,,,,0.05291115120053291,,,,,,,,,,,
122,34759,,,,,0.05621132627129555,,,,,,,,,,,
122,34769,,,,,0.05733858421444893,,,,,,,,,,,
122,34779,,,,,0.053368259221315384,,,,,,,,,,,
122,34789,,,,,0.05375964194536209,,,,,,,,,,,
122,34799,,,,,0.05806669220328331,,,,,,,,,,,
122,122,0.014729421362139276,52.728062664597466,,,,,,,,,,,,,,
122,34808,,,,,,0.057190924882888794,,,,,,,,,,
123,34809,,,,,0.05832315608859062,,,,,,,,,,,
123,34819,,,,,0.055081553757190704,,,,,,,,,,,
123,34829,,,,,0.05680452659726143,,,,,,,,,,,
123,34839,,,,,0.05720178037881851,,,,,,,,,,,
123,34849,,,,,0.05787162482738495,,,,,,,,,,,
123,34859,,,,,0.05967186763882637,,,,,,,,,,,
123,34869,,,,,0.05934774503111839,,,,,,,,,,,
123,34879,,,,,0.05748807266354561,,,,,,,,,,,
123,34889,,,,,0.05501431226730347,,,,,,,,,,,
123,34899,,,,,0.055751096457242966,,,,,,,,,,,
123,34909,,,,,0.05804399400949478,,,,,,,,,,,
123,34919,,,,,0.05943683907389641,,,,,,,,,,,
123,34929,,,,,0.05634482204914093,,,,,,,,,,,
123,34939,,,,,0.06056417524814606,,,,,,,,,,,
123,34949,,,,,0.05666738748550415,,,,,,,,,,,
123,34959,,,,,0.060820322483778,,,,,,,,,,,
123,34969,,,,,0.05929515138268471,,,,,,,,,,,
123,34979,,,,,0.05928191915154457,,,,,,,,,,,
123,34989,,,,,0.057518377900123596,,,,,,,,,,,
123,34999,,,,,0.055712491273880005,,,,,,,,,,,
123,35009,,,,,0.05558266490697861,,,,,,,,,,,
123,35019,,,,,0.056895434856414795,,,,,,,,,,,
123,35029,,,,,0.05753595009446144,,,,,,,,,,,
123,35039,,,,,0.05668378621339798,,,,,,,,,,,
123,35049,,,,,0.054101452231407166,,,,,,,,,,,
123,35059,,,,,0.05952635407447815,,,,,,,,,,,
123,35069,,,,,0.05734812468290329,,,,,,,,,,,
123,35079,,,,,0.05633862689137459,,,,,,,,,,,
123,35089,,,,,0.05400393530726433,,,,,,,,,,,
123,123,0.013076868678712087,52.51268732762173,,,,,,,,,,,,,,
123,35091,,,,,,0.05717863887548447,,,,,,,,,,
124,35099,,,,,0.05772222578525543,,,,,,,,,,,
124,35109,,,,,0.06050702929496765,,,,,,,,,,,
124,35119,,,,,0.05817599967122078,,,,,,,,,,,
124,35129,,,,,0.05696415901184082,,,,,,,,,,,
124,35139,,,,,0.05244412645697594,,,,,,,,,,,
124,35149,,,,,0.054820623248815536,,,,,,,,,,,
124,35159,,,,,0.055544186383485794,,,,,,,,,,,
124,35169,,,,,0.05474156513810158,,,,,,,,,,,
124,35179,,,,,0.05695953965187073,,,,,,,,,,,
124,35189,,,,,0.05933496728539467,,,,,,,,,,,
124,35199,,,,,0.05903201177716255,,,,,,,,,,,
124,35209,,,,,0.05467445030808449,,,,,,,,,,,
124,35219,,,,,0.06003361567854881,,,,,,,,,,,
124,35229,,,,,0.05770204961299896,,,,,,,,,,,
124,35239,,,,,0.05743422731757164,,,,,,,,,,,
124,35249,,,,,0.05634605139493942,,,,,,,,,,,
124,35259,,,,,0.05840924382209778,,,,,,,,,,,
124,35269,,,,,0.05356515198945999,,,,,,,,,,,
124,35279,,,,,0.05574505403637886,,,,,,,,,,,
124,35289,,,,,0.05728515610098839,,,,,,,,,,,
124,35299,,,,,0.054721347987651825,,,,,,,,,,,
124,35309,,,,,0.05447343736886978,,,,,,,,,,,
124,35319,,,,,0.05284769833087921,,,,,,,,,,,
124,35329,,,,,0.05244207754731178,,,,,,,,,,,
124,35339,,,,,0.05786323547363281,,,,,,,,,,,
124,35349,,,,,0.06044062227010727,,,,,,,,,,,
124,35359,,,,,0.054363150149583817,,,,,,,,,,,
124,35369,,,,,0.06005457043647766,,,,,,,,,,,
124,124,0.013405804413127257,52.31568661714476,,,,,,,,,,,,,,
124,35374,,,,,,0.05718306079506874,,,,,,,,,,
125,35379,,,,,0.055535685271024704,,,,,,,,,,,
125,35389,,,,,0.05800141021609306,,,,,,,,,,,
125,35399,,,,,0.06028267741203308,,,,,,,,,,,
125,35409,,,,,0.0578777939081192,,,,,,,,,,,
125,35419,,,,,0.05663216486573219,,,,,,,,,,,
125,35429,,,,,0.05779514089226723,,,,,,,,,,,
125,35439,,,,,0.055346935987472534,,,,,,,,,,,
125,35449,,,,,0.058879345655441284,,,,,,,,,,,
125,35459,,,,,0.056740958243608475,,,,,,,,,,,
125,35469,,,,,0.058127451688051224,,,,,,,,,,,
125,35479,,,,,0.056923191994428635,,,,,,,,,,,
125,35489,,,,,0.05730772390961647,,,,,,,,,,,
125,35499,,,,,0.06142966076731682,,,,,,,,,,,
125,35509,,,,,0.056536294519901276,,,,,,,,,,,
125,35519,,,,,0.05741821229457855,,,,,,,,,,,
125,35529,,,,,0.05564100295305252,,,,,,,,,,,
125,35539,,,,,0.05531551316380501,,,,,,,,,,,
125,35549,,,,,0.05860060825943947,,,,,,,,,,,
125,35559,,,,,0.056519970297813416,,,,,,,,,,,
125,35569,,,,,0.05896730720996857,,,,,,,,,,,
125,35579,,,,,0.05694810673594475,,,,,,,,,,,
125,35589,,,,,0.05852830782532692,,,,,,,,,,,
125,35599,,,,,0.05852604657411575,,,,,,,,,,,
125,35609,,,,,0.054676830768585205,,,,,,,,,,,
125,35619,,,,,0.05649382248520851,,,,,,,,,,,
125,35629,,,,,0.05601473152637482,,,,,,,,,,,
125,35639,,,,,0.059789493680000305,,,,,,,,,,,
125,35649,,,,,0.05803001672029495,,,,,,,,,,,
125,125,0.016227473301180722,52.106104777793085,,,,,,,,,,,,,,
125,35657,,,,,,0.057160865515470505,,,,,,,,,,
126,35659,,,,,0.06128577142953873,,,,,,,,,,,
126,35669,,,,,0.05911584198474884,,,,,,,,,,,
126,35679,,,,,0.060235537588596344,,,,,,,,,,,
126,35689,,,,,0.056725889444351196,,,,,,,,,,,
126,35699,,,,,0.05461956560611725,,,,,,,,,,,
126,35709,,,,,0.05560064688324928,,,,,,,,,,,
126,35719,,,,,0.05624993145465851,,,,,,,,,,,
126,35729,,,,,0.05508136376738548,,,,,,,,,,,
126,35739,,,,,0.05634194239974022,,,,,,,,,,,
126,35749,,,,,0.056412991136312485,,,,,,,,,,,
126,35759,,,,,0.05649278312921524,,,,,,,,,,,
126,35769,,,,,0.05364500731229782,,,,,,,,,,,
126,35779,,,,,0.0606514997780323,,,,,,,,,,,
126,35789,,,,,0.05174434185028076,,,,,,,,,,,
126,35799,,,,,0.05893738940358162,,,,,,,,,,,
126,35809,,,,,0.057889245450496674,,,,,,,,,,,
126,35819,,,,,0.05841025337576866,,,,,,,,,,,
126,35829,,,,,0.05728407949209213,,,,,,,,,,,
126,35839,,,,,0.06016538664698601,,,,,,,,,,,
126,35849,,,,,0.05777907744050026,,,,,,,,,,,
126,35859,,,,,0.056874584406614304,,,,,,,,,,,
126,35869,,,,,0.05819680169224739,,,,,,,,,,,
126,35879,,,,,0.056484729051589966,,,,,,,,,,,
126,35889,,,,,0.054681431502103806,,,,,,,,,,,
126,35899,,,,,0.0590963177382946,,,,,,,,,,,
126,35909,,,,,0.05926331505179405,,,,,,,,,,,
126,35919,,,,,0.0570429302752018,,,,,,,,,,,
126,35929,,,,,0.05833018571138382,,,,,,,,,,,
126,35939,,,,,0.056091856211423874,,,,,,,,,,,
126,126,0.016989321585320512,51.8919763037703,,,,,,,,,,,,,,
126,35940,,,,,,0.057166919112205505,,,,,,,,,,
127,35949,,,,,0.054677050560712814,,,,,,,,,,,
127,35959,,,,,0.05553476884961128,,,,,,,,,,,
127,35969,,,,,0.0545695424079895,,,,,,,,,,,
127,35979,,,,,0.057156700640916824,,,,,,,,,,,
127,35989,,,,,0.05578966066241264,,,,,,,,,,,
127,35999,,,,,0.05884726345539093,,,,,,,,,,,
127,36009,,,,,0.05549655482172966,,,,,,,,,,,
127,36019,,,,,0.055342551320791245,,,,,,,,,,,
127,36029,,,,,0.05584348738193512,,,,,,,,,,,
127,36039,,,,,0.05691530182957649,,,,,,,,,,,
127,36049,,,,,0.054029710590839386,,,,,,,,,,,
127,36059,,,,,0.06170613318681717,,,,,,,,,,,
127,36069,,,,,0.06273816525936127,,,,,,,,,,,
127,36079,,,,,0.05420808494091034,,,,,,,,,,,
127,36089,,,,,0.060843393206596375,,,,,,,,,,,
127,36099,,,,,0.05602232366800308,,,,,,,,,,,
127,36109,,,,,0.06013299897313118,,,,,,,,,,,
127,36119,,,,,0.05750862881541252,,,,,,,,,,,
127,36129,,,,,0.057331979274749756,,,,,,,,,,,
127,36139,,,,,0.05783461779356003,,,,,,,,,,,
127,36149,,,,,0.05513085797429085,,,,,,,,,,,
127,36159,,,,,0.05913083255290985,,,,,,,,,,,
127,36169,,,,,0.05470023676753044,,,,,,,,,,,
127,36179,,,,,0.05725499242544174,,,,,,,,,,,
127,36189,,,,,0.05572947859764099,,,,,,,,,,,
127,36199,,,,,0.05315833538770676,,,,,,,,,,,
127,36209,,,,,0.05287143960595131,,,,,,,,,,,
127,36219,,,,,0.0621277391910553,,,,,,,,,,,
127,127,0.016335720064830105,51.74051850688235,,,,,,,,,,,,,,
127,36223,,,,,,0.05718977749347687,,,,,,,,,,
128,36229,,,,,0.05645989999175072,,,,,,,,,,,
128,36239,,,,,0.0571330264210701,,,,,,,,,,,
128,36249,,,,,0.059183958917856216,,,,,,,,,,,
128,36259,,,,,0.053774431347846985,,,,,,,,,,,
128,36269,,,,,0.05701843649148941,,,,,,,,,,,
128,36279,,,,,0.05908578261733055,,,,,,,,,,,
128,36289,,,,,0.058131273835897446,,,,,,,,,,,
128,36299,,,,,0.05544661730527878,,,,,,,,,,,
128,36309,,,,,0.056709375232458115,,,,,,,,,,,
128,36319,,,,,0.059925585985183716,,,,,,,,,,,
128,36329,,,,,0.058476522564888,,,,,,,,,,,
128,36339,,,,,0.05818711221218109,,,,,,,,,,,
128,36349,,,,,0.06216788291931152,,,,,,,,,,,
128,36359,,,,,0.05743686482310295,,,,,,,,,,,
128,36369,,,,,0.056430503726005554,,,,,,,,,,,
128,36379,,,,,0.060005493462085724,,,,,,,,,,,
128,36389,,,,,0.056800540536642075,,,,,,,,,,,
128,36399,,,,,0.058082446455955505,,,,,,,,,,,
128,36409,,,,,0.05863553285598755,,,,,,,,,,,
128,36419,,,,,0.056767724454402924,,,,,,,,,,,
128,36429,,,,,0.059140972793102264,,,,,,,,,,,
128,36439,,,,,0.05967303365468979,,,,,,,,,,,
128,36449,,,,,0.05513182282447815,,,,,,,,,,,
128,36459,,,,,0.05712870880961418,,,,,,,,,,,
128,36469,,,,,0.057530954480171204,,,,,,,,,,,
128,36479,,,,,0.05692974105477333,,,,,,,,,,,
128,36489,,,,,0.05580981448292732,,,,,,,,,,,
128,36499,,,,,0.057589225471019745,,,,,,,,,,,
128,128,0.015029350030646541,51.548735683758835,,,,,,,,,,,,,,
128,36506,,,,,,0.05717253312468529,,,,,,,,,,
129,36509,,,,,0.05537545680999756,,,,,,,,,,,
129,36519,,,,,0.0556674562394619,,,,,,,,,,,
129,36529,,,,,0.05409388244152069,,,,,,,,,,,
129,36539,,,,,0.05914878845214844,,,,,,,,,,,
129,36549,,,,,0.05614454671740532,,,,,,,,,,,
129,36559,,,,,0.05758226290345192,,,,,,,,,,,
129,36569,,,,,0.05714985355734825,,,,,,,,,,,
129,36579,,,,,0.05757785588502884,,,,,,,,,,,
129,36589,,,,,0.05435919016599655,,,,,,,,,,,
129,36599,,,,,0.054141610860824585,,,,,,,,,,,
129,36609,,,,,0.061783090233802795,,,,,,,,,,,
129,36619,,,,,0.06006370857357979,,,,,,,,,,,
129,36629,,,,,0.05915963649749756,,,,,,,,,,,
129,36639,,,,,0.0598217137157917,,,,,,,,,,,
129,36649,,,,,0.05531403794884682,,,,,,,,,,,
129,36659,,,,,0.054624125361442566,,,,,,,,,,,
129,36669,,,,,0.05903169885277748,,,,,,,,,,,
129,36679,,,,,0.0584525503218174,,,,,,,,,,,
129,36689,,,,,0.05440147593617439,,,,,,,,,,,
129,36699,,,,,0.05411715433001518,,,,,,,,,,,
129,36709,,,,,0.05869694799184799,,,,,,,,,,,
129,36719,,,,,0.058708056807518005,,,,,,,,,,,
129,36729,,,,,0.05825101211667061,,,,,,,,,,,
129,36739,,,,,0.05536869913339615,,,,,,,,,,,
129,36749,,,,,0.05578411743044853,,,,,,,,,,,
129,36759,,,,,0.05452646315097809,,,,,,,,,,,
129,36769,,,,,0.05541972443461418,,,,,,,,,,,
129,36779,,,,,0.057809166610240936,,,,,,,,,,,
129,36789,,,,,0.056335534900426865,,,,,,,,,,,
129,129,,,0.49986734986305237,0.0,,,0.056952545148717185,0.014138896949589252,,0.49782195687294006,,0.0,,0.05734372762392978,,0.014684711582958698
129,36789,,,,,,,,,0.49782195687294006,,0.0,,0.057343740016222,,0.014684711582958698,
129,129,0.016689956990602446,51.37324553775637,,,,,,,,,,,,,,
129,36789,,,,,,0.057167019695043564,,,,,,,,,,
130,36799,,,,,0.05534012243151665,,,,,,,,,,,
130,36809,,,,,0.057388659566640854,,,,,,,,,,,
130,36819,,,,,0.05558055266737938,,,,,,,,,,,
130,36829,,,,,0.05694365128874779,,,,,,,,,,,
130,36839,,,,,0.05602205544710159,,,,,,,,,,,
130,36849,,,,,0.060414720326662064,,,,,,,,,,,
130,36859,,,,,0.05771653726696968,,,,,,,,,,,
130,36869,,,,,0.05849714204668999,,,,,,,,,,,
130,36879,,,,,0.05774935334920883,,,,,,,,,,,
130,36889,,,,,0.05635639652609825,,,,,,,,,,,
130,36899,,,,,0.05953770503401756,,,,,,,,,,,
130,36909,,,,,0.05703449994325638,,,,,,,,,,,
130,36919,,,,,0.058069199323654175,,,,,,,,,,,
130,36929,,,,,0.05635366216301918,,,,,,,,,,,
130,36939,,,,,0.06045590713620186,,,,,,,,,,,
130,36949,,,,,0.05564842373132706,,,,,,,,,,,
130,36959,,,,,0.0617423951625824,,,,,,,,,,,
130,36969,,,,,0.05728919431567192,,,,,,,,,,,
130,36979,,,,,0.05596425011754036,,,,,,,,,,,
130,36989,,,,,0.05977858603000641,,,,,,,,,,,
130,36999,,,,,0.05651047080755234,,,,,,,,,,,
130,37009,,,,,0.05738524720072746,,,,,,,,,,,
130,37019,,,,,0.054507169872522354,,,,,,,,,,,
130,37029,,,,,0.058077093213796616,,,,,,,,,,,
130,37039,,,,,0.05587330833077431,,,,,,,,,,,
130,37049,,,,,0.05535086616873741,,,,,,,,,,,
130,37059,,,,,0.057730041444301605,,,,,,,,,,,
130,37069,,,,,0.06132381409406662,,,,,,,,,,,
130,130,0.012231987281433798,51.16551869100651,,,,,,,,,,,,,,
130,37072,,,,,,0.057169921696186066,,,,,,,,,,
131,37079,,,,,0.05851883441209793,,,,,,,,,,,
131,37089,,,,,0.052559856325387955,,,,,,,,,,,
131,37099,,,,,0.057368017733097076,,,,,,,,,,,
131,37109,,,,,0.06062638387084007,,,,,,,,,,,
131,37119,,,,,0.05805927515029907,,,,,,,,,,,
131,37129,,,,,0.05834442749619484,,,,,,,,,,,
131,37139,,,,,0.0578274168074131,,,,,,,,,,,
131,37149,,,,,0.05786622315645218,,,,,,,,,,,
131,37159,,,,,0.052572086453437805,,,,,,,,,,,
131,37169,,,,,0.060049545019865036,,,,,,,,,,,
131,37179,,,,,0.054045043885707855,,,,,,,,,,,
131,37189,,,,,0.054708752781152725,,,,,,,,,,,
131,37199,,,,,0.05859990790486336,,,,,,,,,,,
131,37209,,,,,0.06027498468756676,,,,,,,,,,,
131,37219,,,,,0.05301051586866379,,,,,,,,,,,
131,37229,,,,,0.05184120312333107,,,,,,,,,,,
131,37239,,,,,0.056944482028484344,,,,,,,,,,,
131,37249,,,,,0.05922277644276619,,,,,,,,,,,
131,37259,,,,,0.06062857434153557,,,,,,,,,,,
131,37269,,,,,0.05924787372350693,,,,,,,,,,,
131,37279,,,,,0.056785136461257935,,,,,,,,,,,
131,37289,,,,,0.056687500327825546,,,,,,,,,,,
131,37299,,,,,0.05723193287849426,,,,,,,,,,,
131,37309,,,,,0.058246225118637085,,,,,,,,,,,
131,37319,,,,,0.060939621180295944,,,,,,,,,,,
131,37329,,,,,0.05735877528786659,,,,,,,,,,,
131,37339,,,,,0.05473403260111809,,,,,,,,,,,
131,37349,,,,,0.05512241646647453,,,,,,,,,,,
131,131,0.014397449012541608,50.980824129589365,,,,,,,,,,,,,,
131,37355,,,,,,0.05717816948890686,,,,,,,,,,
132,37359,,,,,0.05661638081073761,,,,,,,,,,,
132,37369,,,,,0.06021507456898689,,,,,,,,,,,
132,37379,,,,,0.05953625217080116,,,,,,,,,,,
132,37389,,,,,0.05531393736600876,,,,,,,,,,,
132,37399,,,,,0.059962041676044464,,,,,,,,,,,
132,37409,,,,,0.054417528212070465,,,,,,,,,,,
132,37419,,,,,0.061478544026613235,,,,,,,,,,,
132,37429,,,,,0.05688443407416344,,,,,,,,,,,
132,37439,,,,,0.0586685910820961,,,,,,,,,,,
132,37449,,,,,0.05910056084394455,,,,,,,,,,,
132,37459,,,,,0.05618878826498985,,,,,,,,,,,
132,37469,,,,,0.05630526691675186,,,,,,,,,,,
132,37479,,,,,0.05886149778962135,,,,,,,,,,,
132,37489,,,,,0.05572519451379776,,,,,,,,,,,
132,37499,,,,,0.06062963604927063,,,,,,,,,,,
132,37509,,,,,0.061592843383550644,,,,,,,,,,,
132,37519,,,,,0.059741612523794174,,,,,,,,,,,
132,37529,,,,,0.058166660368442535,,,,,,,,,,,
132,37539,,,,,0.05689077451825142,,,,,,,,,,,
132,37549,,,,,0.05969791114330292,,,,,,,,,,,
132,37559,,,,,0.0534738190472126,,,,,,,,,,,
132,37569,,,,,0.05755918473005295,,,,,,,,,,,
132,37579,,,,,0.06119837984442711,,,,,,,,,,,
132,37589,,,,,0.055460214614868164,,,,,,,,,,,
132,37599,,,,,0.0553075410425663,,,,,,,,,,,
132,37609,,,,,0.05671893060207367,,,,,,,,,,,
132,37619,,,,,0.05729874223470688,,,,,,,,,,,
132,37629,,,,,0.056936174631118774,,,,,,,,,,,
132,132,0.013319434493386354,50.771602612186015,,,,,,,,,,,,,,
132,37638,,,,,,0.05719519406557083,,,,,,,,,,
133,37639,,,,,0.05686540529131889,,,,,,,,,,,
133,37649,,,,,0.05681276693940163,,,,,,,,,,,
133,37659,,,,,0.05438175052404404,,,,,,,,,,,
133,37669,,,,,0.05986421927809715,,,,,,,,,,,
133,37679,,,,,0.062373869121074677,,,,,,,,,,,
133,37689,,,,,0.061025168746709824,,,,,,,,,,,
133,37699,,,,,0.05699872970581055,,,,,,,,,,,
133,37709,,,,,0.058783214539289474,,,,,,,,,,,
133,37719,,,,,0.05735798180103302,,,,,,,,,,,
133,37729,,,,,0.05580750107765198,,,,,,,,,,,
133,37739,,,,,0.06044400483369827,,,,,,,,,,,
133,37749,,,,,0.05854037404060364,,,,,,,,,,,
133,37759,,,,,0.05792206898331642,,,,,,,,,,,
133,37769,,,,,0.0592341311275959,,,,,,,,,,,
133,37779,,,,,0.059798624366521835,,,,,,,,,,,
133,37789,,,,,0.05474556237459183,,,,,,,,,,,
133,37799,,,,,0.05640232935547829,,,,,,,,,,,
133,37809,,,,,0.05610169470310211,,,,,,,,,,,
133,37819,,,,,0.056044962257146835,,,,,,,,,,,
133,37829,,,,,0.05798846855759621,,,,,,,,,,,
133,37839,,,,,0.055125512182712555,,,,,,,,,,,
133,37849,,,,,0.05481459200382233,,,,,,,,,,,
133,37859,,,,,0.05784892290830612,,,,,,,,,,,
133,37869,,,,,0.05876428633928299,,,,,,,,,,,
133,37879,,,,,0.05996677279472351,,,,,,,,,,,
133,37889,,,,,0.058043960481882095,,,,,,,,,,,
133,37899,,,,,0.05513620004057884,,,,,,,,,,,
133,37909,,,,,0.05324235558509827,,,,,,,,,,,
133,37919,,,,,0.05499647557735443,,,,,,,,,,,
133,133,0.014746855664799581,50.593834296342614,,,,,,,,,,,,,,
133,37921,,,,,,0.057163894176483154,,,,,,,,,,
134,37929,,,,,0.0547325536608696,,,,,,,,,,,
134,37939,,,,,0.053616832941770554,,,,,,,,,,,
134,37949,,,,,0.055042870342731476,,,,,,,,,,,
134,37959,,,,,0.056061387062072754,,,,,,,,,,,
134,37969,,,,,0.058598924428224564,,,,,,,,,,,
134,37979,,,,,0.05461220443248749,,,,,,,,,,,
134,37989,,,,,0.05677399784326553,,,,,,,,,,,
134,37999,,,,,0.062448740005493164,,,,,,,,,,,
134,38009,,,,,0.059247296303510666,,,,,,,,,,,
134,38019,,,,,0.05943569168448448,,,,,,,,,,,
134,38029,,,,,0.056729044765233994,,,,,,,,,,,
134,38039,,,,,0.05544235184788704,,,,,,,,,,,
134,38049,,,,,0.05461999401450157,,,,,,,,,,,
134,38059,,,,,0.05955420807003975,,,,,,,,,,,
134,38069,,,,,0.05521935224533081,,,,,,,,,,,
134,38079,,,,,0.053163476288318634,,,,,,,,,,,
134,38089,,,,,0.05811142548918724,,,,,,,,,,,
134,38099,,,,,0.05856120586395264,,,,,,,,,,,
134,38109,,,,,0.05896975100040436,,,,,,,,,,,
134,38119,,,,,0.05510810390114784,,,,,,,,,,,
134,38129,,,,,0.05942532792687416,,,,,,,,,,,
134,38139,,,,,0.05790996551513672,,,,,,,,,,,
134,38149,,,,,0.05873214080929756,,,,,,,,,,,
134,38159,,,,,0.05725334957242012,,,,,,,,,,,
134,38169,,,,,0.055519383400678635,,,,,,,,,,,
134,38179,,,,,0.05659396946430206,,,,,,,,,,,
134,38189,,,,,0.05836484208703041,,,,,,,,,,,
134,38199,,,,,0.05522095784544945,,,,,,,,,,,
134,134,0.013496004463495833,50.407261474926024,,,,,,,,,,,,,,
134,38204,,,,,,0.05714251846075058,,,,,,,,,,
135,38209,,,,,0.05708838254213333,,,,,,,,,,,
135,38219,,,,,0.06139014661312103,,,,,,,,,,,
135,38229,,,,,0.05775218829512596,,,,,,,,,,,
135,38239,,,,,0.05699363350868225,,,,,,,,,,,
135,38249,,,,,0.0589556023478508,,,,,,,,,,,
135,38259,,,,,0.05847465619444847,,,,,,,,,,,
135,38269,,,,,0.057694870978593826,,,,,,,,,,,
135,38279,,,,,0.055920105427503586,,,,,,,,,,,
135,38289,,,,,0.057554394006729126,,,,,,,,,,,
135,38299,,,,,0.056659672409296036,,,,,,,,,,,
135,38309,,,,,0.056873321533203125,,,,,,,,,,,
135,38319,,,,,0.0571720190346241,,,,,,,,,,,
135,38329,,,,,0.056490570306777954,,,,,,,,,,,
135,38339,,,,,0.056652605533599854,,,,,,,,,,,
135,38349,,,,,0.05872547626495361,,,,,,,,,,,
135,38359,,,,,0.05531750246882439,,,,,,,,,,,
135,38369,,,,,0.055284056812524796,,,,,,,,,,,
135,38379,,,,,0.057398587465286255,,,,,,,,,,,
135,38389,,,,,0.054660387337207794,,,,,,,,,,,
135,38399,,,,,0.057651568204164505,,,,,,,,,,,
135,38409,,,,,0.05433158949017525,,,,,,,,,,,
135,38419,,,,,0.05724285915493965,,,,,,,,,,,
135,38429,,,,,0.05427324026823044,,,,,,,,,,,
135,38439,,,,,0.05618460103869438,,,,,,,,,,,
135,38449,,,,,0.05659646540880203,,,,,,,,,,,
135,38459,,,,,0.05271608754992485,,,,,,,,,,,
135,38469,,,,,0.05612735450267792,,,,,,,,,,,
135,38479,,,,,0.05495287477970123,,,,,,,,,,,
135,135,0.014514866587008552,50.241913561032526,,,,,,,,,,,,,,
135,38487,,,,,,0.057187773287296295,,,,,,,,,,
136,38489,,,,,0.06180552765727043,,,,,,,,,,,
136,38499,,,,,0.05770100653171539,,,,,,,,,,,
136,38509,,,,,0.06192582845687866,,,,,,,,,,,
136,38519,,,,,0.049299456179142,,,,,,,,,,,
136,38529,,,,,0.057143040001392365,,,,,,,,,,,
136,38539,,,,,0.055917929857969284,,,,,,,,,,,
136,38549,,,,,0.05652353912591934,,,,,,,,,,,
136,38559,,,,,0.05796575918793678,,,,,,,,,,,
136,38569,,,,,0.05784948542714119,,,,,,,,,,,
136,38579,,,,,0.0558704137802124,,,,,,,,,,,
136,38589,,,,,0.05497150868177414,,,,,,,,,,,
136,38599,,,,,0.05941063165664673,,,,,,,,,,,
136,38609,,,,,0.05332154408097267,,,,,,,,,,,
136,38619,,,,,0.05746006965637207,,,,,,,,,,,
136,38629,,,,,0.0572812482714653,,,,,,,,,,,
136,38639,,,,,0.05524444952607155,,,,,,,,,,,
136,38649,,,,,0.05800940841436386,,,,,,,,,,,
136,38659,,,,,0.05641336366534233,,,,,,,,,,,
136,38669,,,,,0.05879196524620056,,,,,,,,,,,
136,38679,,,,,0.05426965281367302,,,,,,,,,,,
136,38689,,,,,0.060037631541490555,,,,,,,,,,,
136,38699,,,,,0.056928087025880814,,,,,,,,,,,
136,38709,,,,,0.05850398913025856,,,,,,,,,,,
136,38719,,,,,0.05989527329802513,,,,,,,,,,,
136,38729,,,,,0.05501678213477135,,,,,,,,,,,
136,38739,,,,,0.06053586304187775,,,,,,,,,,,
136,38749,,,,,0.05604124441742897,,,,,,,,,,,
136,38759,,,,,0.05564752593636513,,,,,,,,,,,
136,38769,,,,,0.05542464554309845,,,,,,,,,,,
136,136,0.014047002103975397,50.05471597023378,,,,,,,,,,,,,,
136,38770,,,,,,0.05718040093779564,,,,,,,,,,
137,38779,,,,,0.060951024293899536,,,,,,,,,,,
137,38789,,,,,0.06060074269771576,,,,,,,,,,,
137,38799,,,,,0.05339434742927551,,,,,,,,,,,
137,38809,,,,,0.05299432948231697,,,,,,,,,,,
137,38819,,,,,0.05722964182496071,,,,,,,,,,,
137,38829,,,,,0.05432088300585747,,,,,,,,,,,
137,38839,,,,,0.05691838264465332,,,,,,,,,,,
137,38849,,,,,0.05472685396671295,,,,,,,,,,,
137,38859,,,,,0.056562963873147964,,,,,,,,,,,
137,38869,,,,,0.05322105437517166,,,,,,,,,,,
137,38879,,,,,0.05530654266476631,,,,,,,,,,,
137,38889,,,,,0.05448874458670616,,,,,,,,,,,
137,38899,,,,,0.054400596767663956,,,,,,,,,,,
137,38909,,,,,0.05903742462396622,,,,,,,,,,,
137,38919,,,,,0.05641862750053406,,,,,,,,,,,
137,38929,,,,,0.05907446891069412,,,,,,,,,,,
137,38939,,,,,0.05955289304256439,,,,,,,,,,,
137,38949,,,,,0.06018248200416565,,,,,,,,,,,
137,38959,,,,,0.05468931794166565,,,,,,,,,,,
137,38969,,,,,0.05718056485056877,,,,,,,,,,,
137,38979,,,,,0.05705054849386215,,,,,,,,,,,
137,38989,,,,,0.056041937321424484,,,,,,,,,,,
137,38999,,,,,0.06329288333654404,,,,,,,,,,,
137,39009,,,,,0.06252820789813995,,,,,,,,,,,
137,39019,,,,,0.0541963167488575,,,,,,,,,,,
137,39029,,,,,0.054042380303144455,,,,,,,,,,,
137,39039,,,,,0.0611850768327713,,,,,,,,,,,
137,39049,,,,,0.061393626034259796,,,,,,,,,,,
137,137,0.013672815697090423,49.87707896676924,,,,,,,,,,,,,,
137,39053,,,,,,0.05718237906694412,,,,,,,,,,
138,39059,,,,,0.05867743864655495,,,,,,,,,,,
138,39069,,,,,0.05680938437581062,,,,,,,,,,,
138,39079,,,,,0.05340798944234848,,,,,,,,,,,
138,39089,,,,,0.0622454434633255,,,,,,,,,,,
138,39099,,,,,0.05886989086866379,,,,,,,,,,,
138,39109,,,,,0.058832425624132156,,,,,,,,,,,
138,39119,,,,,0.054001230746507645,,,,,,,,,,,
138,39129,,,,,0.057643186300992966,,,,,,,,,,,
138,39139,,,,,0.05647388845682144,,,,,,,,,,,
138,39149,,,,,0.055089157074689865,,,,,,,,,,,
138,39159,,,,,0.0587209090590477,,,,,,,,,,,
138,39169,,,,,0.06108422204852104,,,,,,,,,,,
138,39179,,,,,0.05588304251432419,,,,,,,,,,,
138,39189,,,,,0.057099517434835434,,,,,,,,,,,
138,39199,,,,,0.05793537572026253,,,,,,,,,,,
138,39209,,,,,0.05721092224121094,,,,,,,,,,,
138,39219,,,,,0.05702793970704079,,,,,,,,,,,
138,39229,,,,,0.05664684996008873,,,,,,,,,,,
138,39239,,,,,0.057378873229026794,,,,,,,,,,,
138,39249,,,,,0.05318957567214966,,,,,,,,,,,
138,39259,,,,,0.05696849152445793,,,,,,,,,,,
138,39269,,,,,0.0591108612716198,,,,,,,,,,,
138,39279,,,,,0.055656906217336655,,,,,,,,,,,
138,39289,,,,,0.060976721346378326,,,,,,,,,,,
138,39299,,,,,0.05802467465400696,,,,,,,,,,,
138,39309,,,,,0.05624840036034584,,,,,,,,,,,
138,39319,,,,,0.057976145297288895,,,,,,,,,,,
138,39329,,,,,0.05713263526558876,,,,,,,,,,,
138,138,0.01287870200922098,49.684110630897905,,,,,,,,,,,,,,
138,39336,,,,,,0.0571606382727623,,,,,,,,,,
139,39339,,,,,0.058580003678798676,,,,,,,,,,,
139,39349,,,,,0.054962411522865295,,,,,,,,,,,
139,39359,,,,,0.058316800743341446,,,,,,,,,,,
139,39369,,,,,0.05660809203982353,,,,,,,,,,,
139,39379,,,,,0.06182253360748291,,,,,,,,,,,
139,39389,,,,,0.05905730277299881,,,,,,,,,,,
139,39399,,,,,0.06523288041353226,,,,,,,,,,,
139,39409,,,,,0.055178869515657425,,,,,,,,,,,
139,39419,,,,,0.05789567902684212,,,,,,,,,,,
139,39429,,,,,0.057556040585041046,,,,,,,,,,,
139,39439,,,,,0.056776806712150574,,,,,,,,,,,
139,39449,,,,,0.05597781762480736,,,,,,,,,,,
139,39459,,,,,0.053574930876493454,,,,,,,,,,,
139,39469,,,,,0.053512364625930786,,,,,,,,,,,
139,39479,,,,,0.05400313436985016,,,,,,,,,,,
139,39489,,,,,0.0585503876209259,,,,,,,,,,,
139,39499,,,,,0.05552911385893822,,,,,,,,,,,
139,39509,,,,,0.05476460978388786,,,,,,,,,,,
139,39519,,,,,0.057137034833431244,,,,,,,,,,,
139,39529,,,,,0.057208579033613205,,,,,,,,,,,
139,39539,,,,,0.05721883848309517,,,,,,,,,,,
139,39549,,,,,0.05591338500380516,,,,,,,,,,,
139,39559,,,,,0.05428510531783104,,,,,,,,,,,
139,39569,,,,,0.05676797777414322,,,,,,,,,,,
139,39579,,,,,0.05459607392549515,,,,,,,,,,,
139,39589,,,,,0.05571087449789047,,,,,,,,,,,
139,39599,,,,,0.05989914387464523,,,,,,,,,,,
139,39609,,,,,0.059399887919425964,,,,,,,,,,,
139,39619,,,,,0.05764412879943848,,,,,,,,,,,
139,139,,,0.4998771548271179,0.0,,,0.0569676124721153,0.014134063385426998,,0.49824365973472595,,0.0,,0.05736072440346589,,0.014661171473562717
139,39619,,,,,,,,,0.49824365973472595,,0.0,,0.05736072361469269,,0.014661171473562717,
139,139,0.013581312260069752,49.49029199914426,,,,,,,,,,,,,,
139,39619,,,,,,0.057161733508110046,,,,,,,,,,
140,39629,,,,,0.05386241152882576,,,,,,,,,,,
140,39639,,,,,0.054068200290203094,,,,,,,,,,,
140,39649,,,,,0.054438650608062744,,,,,,,,,,,
140,39659,,,,,0.05476907640695572,,,,,,,,,,,
140,39669,,,,,0.05574033036828041,,,,,,,,,,,
140,39679,,,,,0.06068270280957222,,,,,,,,,,,
140,39689,,,,,0.057015176862478256,,,,,,,,,,,
140,39699,,,,,0.058511875569820404,,,,,,,,,,,
140,39709,,,,,0.061476219445466995,,,,,,,,,,,
140,39719,,,,,0.05627026408910751,,,,,,,,,,,
140,39729,,,,,0.05785315856337547,,,,,,,,,,,
140,39739,,,,,0.05771763622760773,,,,,,,,,,,
140,39749,,,,,0.0582231804728508,,,,,,,,,,,
140,39759,,,,,0.05465112254023552,,,,,,,,,,,
140,39769,,,,,0.05942562222480774,,,,,,,,,,,
140,39779,,,,,0.061580877751111984,,,,,,,,,,,
140,39789,,,,,0.057429466396570206,,,,,,,,,,,
140,39799,,,,,0.053575579077005386,,,,,,,,,,,
140,39809,,,,,0.056893303990364075,,,,,,,,,,,
140,39819,,,,,0.05563366040587425,,,,,,,,,,,
140,39829,,,,,0.05110516771674156,,,,,,,,,,,
140,39839,,,,,0.05692144110798836,,,,,,,,,,,
140,39849,,,,,0.05658642575144768,,,,,,,,,,,
140,39859,,,,,0.06181470677256584,,,,,,,,,,,
140,39869,,,,,0.055304259061813354,,,,,,,,,,,
140,39879,,,,,0.05737684294581413,,,,,,,,,,,
140,39889,,,,,0.05355620011687279,,,,,,,,,,,
140,39899,,,,,0.05862550064921379,,,,,,,,,,,
140,140,0.013058404962872514,49.31650951685261,,,,,,,,,,,,,,
140,39902,,,,,,0.057159703224897385,,,,,,,,,,
141,39909,,,,,0.056994255632162094,,,,,,,,,,,
141,39919,,,,,0.05760054290294647,,,,,,,,,,,
141,39929,,,,,0.055043771862983704,,,,,,,,,,,
141,39939,,,,,0.06108439713716507,,,,,,,,,,,
141,39949,,,,,0.05448349937796593,,,,,,,,,,,
141,39959,,,,,0.05841779708862305,,,,,,,,,,,
141,39969,,,,,0.061343517154455185,,,,,,,,,,,
141,39979,,,,,0.058370377868413925,,,,,,,,,,,
141,39989,,,,,0.05725723132491112,,,,,,,,,,,
141,39999,,,,,0.05963016301393509,,,,,,,,,,,
141,40009,,,,,0.057356737554073334,,,,,,,,,,,
141,40019,,,,,0.05516292154788971,,,,,,,,,,,
141,40029,,,,,0.05782559514045715,,,,,,,,,,,
141,40039,,,,,0.0634637400507927,,,,,,,,,,,
141,40049,,,,,0.05558532476425171,,,,,,,,,,,
141,40059,,,,,0.05646028742194176,,,,,,,,,,,
141,40069,,,,,0.057278625667095184,,,,,,,,,,,
141,40079,,,,,0.05786081403493881,,,,,,,,,,,
141,40089,,,,,0.057856567203998566,,,,,,,,,,,
141,40099,,,,,0.056804172694683075,,,,,,,,,,,
141,40109,,,,,0.055687230080366135,,,,,,,,,,,
141,40119,,,,,0.056947045028209686,,,,,,,,,,,
141,40129,,,,,0.05416654422879219,,,,,,,,,,,
141,40139,,,,,0.05451352521777153,,,,,,,,,,,
141,40149,,,,,0.05799160152673721,,,,,,,,,,,
141,40159,,,,,0.05831136181950569,,,,,,,,,,,
141,40169,,,,,0.05733500048518181,,,,,,,,,,,
141,40179,,,,,0.054676495492458344,,,,,,,,,,,
141,141,0.01428338358613877,49.11223938450195,,,,,,,,,,,,,,
141,40185,,,,,,0.05717821791768074,,,,,,,,,,
142,40189,,,,,0.053542863577604294,,,,,,,,,,,
142,40199,,,,,0.05564185604453087,,,,,,,,,,,
142,40209,,,,,0.0586865097284317,,,,,,,,,,,
142,40219,,,,,0.05530727282166481,,,,,,,,,,,
142,40229,,,,,0.05692487210035324,,,,,,,,,,,
142,40239,,,,,0.057375144213438034,,,,,,,,,,,
142,40249,,,,,0.05696260929107666,,,,,,,,,,,
142,40259,,,,,0.06049281358718872,,,,,,,,,,,
142,40269,,,,,0.05787583440542221,,,,,,,,,,,
142,40279,,,,,0.059315599501132965,,,,,,,,,,,
142,40289,,,,,0.06120532751083374,,,,,,,,,,,
142,40299,,,,,0.05754980444908142,,,,,,,,,,,
142,40309,,,,,0.057972680777311325,,,,,,,,,,,
142,40319,,,,,0.056340061128139496,,,,,,,,,,,
142,40329,,,,,0.05903008207678795,,,,,,,,,,,
142,40339,,,,,0.0540982149541378,,,,,,,,,,,
142,40349,,,,,0.05643687769770622,,,,,,,,,,,
142,40359,,,,,0.059676237404346466,,,,,,,,,,,
142,40369,,,,,0.055605851113796234,,,,,,,,,,,
142,40379,,,,,0.05643351376056671,,,,,,,,,,,
142,40389,,,,,0.05287175625562668,,,,,,,,,,,
142,40399,,,,,0.057530149817466736,,,,,,,,,,,
142,40409,,,,,0.05579619109630585,,,,,,,,,,,
142,40419,,,,,0.06004379689693451,,,,,,,,,,,
142,40429,,,,,0.0611286424100399,,,,,,,,,,,
142,40439,,,,,0.05899760499596596,,,,,,,,,,,
142,40449,,,,,0.0563662089407444,,,,,,,,,,,
142,40459,,,,,0.05418789014220238,,,,,,,,,,,
142,142,0.012637202899666425,48.92492172526914,,,,,,,,,,,,,,
142,40468,,,,,,0.057171713560819626,,,,,,,,,,
143,40469,,,,,0.05714941397309303,,,,,,,,,,,
143,40479,,,,,0.05513455718755722,,,,,,,,,,,
143,40489,,,,,0.0593639500439167,,,,,,,,,,,
143,40499,,,,,0.056453436613082886,,,,,,,,,,,
143,40509,,,,,0.057763732969760895,,,,,,,,,,,
143,40519,,,,,0.05972020700573921,,,,,,,,,,,
143,40529,,,,,0.05160457640886307,,,,,,,,,,,
143,40539,,,,,0.06052035465836525,,,,,,,,,,,
143,40549,,,,,0.05553421378135681,,,,,,,,,,,
143,40559,,,,,0.05999208241701126,,,,,,,,,,,
143,40569,,,,,0.057523515075445175,,,,,,,,,,,
143,40579,,,,,0.05616972595453262,,,,,,,,,,,
143,40589,,,,,0.053971659392118454,,,,,,,,,,,
143,40599,,,,,0.05538742616772652,,,,,,,,,,,
143,40609,,,,,0.053912192583084106,,,,,,,,,,,
143,40619,,,,,0.05461844429373741,,,,,,,,,,,
143,40629,,,,,0.05654240399599075,,,,,,,,,,,
143,40639,,,,,0.05696193873882294,,,,,,,,,,,
143,40649,,,,,0.056326694786548615,,,,,,,,,,,
143,40659,,,,,0.05224498733878136,,,,,,,,,,,
143,40669,,,,,0.06096721068024635,,,,,,,,,,,
143,40679,,,,,0.05650147423148155,,,,,,,,,,,
143,40689,,,,,0.05705927684903145,,,,,,,,,,,
143,40699,,,,,0.05515964329242706,,,,,,,,,,,
143,40709,,,,,0.05834820494055748,,,,,,,,,,,
143,40719,,,,,0.05614103749394417,,,,,,,,,,,
143,40729,,,,,0.057268209755420685,,,,,,,,,,,
143,40739,,,,,0.059080611914396286,,,,,,,,,,,
143,40749,,,,,0.05666179209947586,,,,,,,,,,,
143,143,0.012647403001231338,48.738425117424235,,,,,,,,,,,,,,
143,40751,,,,,,0.057151615619659424,,,,,,,,,,
144,40759,,,,,0.056352123618125916,,,,,,,,,,,
144,40769,,,,,0.05797022581100464,,,,,,,,,,,
144,40779,,,,,0.058443259447813034,,,,,,,,,,,
144,40789,,,,,0.05921296775341034,,,,,,,,,,,
144,40799,,,,,0.053043778985738754,,,,,,,,,,,
144,40809,,,,,0.059980932623147964,,,,,,,,,,,
144,40819,,,,,0.05474935844540596,,,,,,,,,,,
144,40829,,,,,0.05712658539414406,,,,,,,,,,,
144,40839,,,,,0.062251485884189606,,,,,,,,,,,
144,40849,,,,,0.05597946047782898,,,,,,,,,,,
144,40859,,,,,0.05861841142177582,,,,,,,,,,,
144,40869,,,,,0.05753973126411438,,,,,,,,,,,
144,40879,,,,,0.0565183162689209,,,,,,,,,,,
144,40889,,,,,0.05721209570765495,,,,,,,,,,,
144,40899,,,,,0.054945629090070724,,,,,,,,,,,
144,40909,,,,,0.05692650005221367,,,,,,,,,,,
144,40919,,,,,0.05483601987361908,,,,,,,,,,,
144,40929,,,,,0.060146890580654144,,,,,,,,,,,
144,40939,,,,,0.05471508577466011,,,,,,,,,,,
144,40949,,,,,0.05975164473056793,,,,,,,,,,,
144,40959,,,,,0.05654052644968033,,,,,,,,,,,
144,40969,,,,,0.056235820055007935,,,,,,,,,,,
144,40979,,,,,0.059432681649923325,,,,,,,,,,,
144,40989,,,,,0.055618979036808014,,,,,,,,,,,
144,40999,,,,,0.05816657468676567,,,,,,,,,,,
144,41009,,,,,0.05569297820329666,,,,,,,,,,,
144,41019,,,,,0.06100893393158913,,,,,,,,,,,
144,41029,,,,,0.05765824392437935,,,,,,,,,,,
144,144,0.011726421325163619,48.54515217881301,,,,,,,,,,,,,,
144,41034,,,,,,0.057169415056705475,,,,,,,,,,
145,41039,,,,,0.05436328426003456,,,,,,,,,,,
145,41049,,,,,0.05611196160316467,,,,,,,,,,,
145,41059,,,,,0.06220700964331627,,,,,,,,,,,
145,41069,,,,,0.059449486434459686,,,,,,,,,,,
145,41079,,,,,0.05599303916096687,,,,,,,,,,,
145,41089,,,,,0.05347096920013428,,,,,,,,,,,
145,41099,,,,,0.05574849620461464,,,,,,,,,,,
145,41109,,,,,0.051008716225624084,,,,,,,,,,,
145,41119,,,,,0.05431168153882027,,,,,,,,,,,
145,41129,,,,,0.05678848177194595,,,,,,,,,,,
145,41139,,,,,0.05734385922551155,,,,,,,,,,,
145,41149,,,,,0.057829599827528,,,,,,,,,,,
145,41159,,,,,0.061524126678705215,,,,,,,,,,,
145,41169,,,,,0.05607759952545166,,,,,,,,,,,
145,41179,,,,,0.05722776800394058,,,,,,,,,,,
145,41189,,,,,0.05542619526386261,,,,,,,,,,,
145,41199,,,,,0.0585540272295475,,,,,,,,,,,
145,41209,,,,,0.05924110487103462,,,,,,,,,,,
145,41219,,,,,0.05961552634835243,,,,,,,,,,,
145,41229,,,,,0.058283958584070206,,,,,,,,,,,
145,41239,,,,,0.05267443135380745,,,,,,,,,,,
145,41249,,,,,0.05618463084101677,,,,,,,,,,,
145,41259,,,,,0.05376017838716507,,,,,,,,,,,
145,41269,,,,,0.06051743030548096,,,,,,,,,,,
145,41279,,,,,0.05699361488223076,,,,,,,,,,,
145,41289,,,,,0.0602690652012825,,,,,,,,,,,
145,41299,,,,,0.05480371043086052,,,,,,,,,,,
145,41309,,,,,0.05828399583697319,,,,,,,,,,,
145,145,0.014516902831083445,48.348177442669304,,,,,,,,,,,,,,
145,41317,,,,,,0.057168591767549515,,,,,,,,,,
146,41319,,,,,0.05543431267142296,,,,,,,,,,,
146,41329,,,,,0.05303959921002388,,,,,,,,,,,
146,41339,,,,,0.05871821194887161,,,,,,,,,,,
146,41349,,,,,0.05489621311426163,,,,,,,,,,,
146,41359,,,,,0.05788387730717659,,,,,,,,,,,
146,41369,,,,,0.060715917497873306,,,,,,,,,,,
146,41379,,,,,0.05886160582304001,,,,,,,,,,,
146,41389,,,,,0.057544440031051636,,,,,,,,,,,
146,41399,,,,,0.05624983459711075,,,,,,,,,,,
146,41409,,,,,0.05789588391780853,,,,,,,,,,,
146,41419,,,,,0.05877377837896347,,,,,,,,,,,
146,41429,,,,,0.05681253597140312,,,,,,,,,,,
146,41439,,,,,0.054892607033252716,,,,,,,,,,,
146,41449,,,,,0.05777059122920036,,,,,,,,,,,
146,41459,,,,,0.057965073734521866,,,,,,,,,,,
146,41469,,,,,0.05886680260300636,,,,,,,,,,,
146,41479,,,,,0.05678344517946243,,,,,,,,,,,
146,41489,,,,,0.051881857216358185,,,,,,,,,,,
146,41499,,,,,0.0557086244225502,,,,,,,,,,,
146,41509,,,,,0.05698573589324951,,,,,,,,,,,
146,41519,,,,,0.05587778240442276,,,,,,,,,,,
146,41529,,,,,0.05633624270558357,,,,,,,,,,,
146,41539,,,,,0.05976351350545883,,,,,,,,,,,
146,41549,,,,,0.05711263418197632,,,,,,,,,,,
146,41559,,,,,0.0595468133687973,,,,,,,,,,,
146,41569,,,,,0.05702359601855278,,,,,,,,,,,
146,41579,,,,,0.05755608528852463,,,,,,,,,,,
146,41589,,,,,0.05779783055186272,,,,,,,,,,,
146,41599,,,,,0.05797143280506134,,,,,,,,,,,
146,146,0.011771663384224978,48.14697833267003,,,,,,,,,,,,,,
146,41600,,,,,,0.05718059092760086,,,,,,,,,,
147,41609,,,,,0.06200593709945679,,,,,,,,,,,
147,41619,,,,,0.05865486338734627,,,,,,,,,,,
147,41629,,,,,0.057624056935310364,,,,,,,,,,,
147,41639,,,,,0.057024143636226654,,,,,,,,,,,
147,41649,,,,,0.055110570043325424,,,,,,,,,,,
147,41659,,,,,0.05540724843740463,,,,,,,,,,,
147,41669,,,,,0.0553710050880909,,,,,,,,,,,
147,41679,,,,,0.053350046277046204,,,,,,,,,,,
147,41689,,,,,0.058367349207401276,,,,,,,,,,,
147,41699,,,,,0.059389274567365646,,,,,,,,,,,
147,41709,,,,,0.05919559299945831,,,,,,,,,,,
147,41719,,,,,0.05575992912054062,,,,,,,,,,,
147,41729,,,,,0.05823332443833351,,,,,,,,,,,
147,41739,,,,,0.05143599584698677,,,,,,,,,,,
147,41749,,,,,0.054717015475034714,,,,,,,,,,,
147,41759,,,,,0.05357977747917175,,,,,,,,,,,
147,41769,,,,,0.05347113683819771,,,,,,,,,,,
147,41779,,,,,0.058876603841781616,,,,,,,,,,,
147,41789,,,,,0.054770421236753464,,,,,,,,,,,
147,41799,,,,,0.0556165874004364,,,,,,,,,,,
147,41809,,,,,0.05770521238446236,,,,,,,,,,,
147,41819,,,,,0.06349211186170578,,,,,,,,,,,
147,41829,,,,,0.05409970134496689,,,,,,,,,,,
147,41839,,,,,0.05709622800350189,,,,,,,,,,,
147,41849,,,,,0.05925283208489418,,,,,,,,,,,
147,41859,,,,,0.05474589765071869,,,,,,,,,,,
147,41869,,,,,0.058715783059597015,,,,,,,,,,,
147,41879,,,,,0.06376809626817703,,,,,,,,,,,
147,147,0.013027173394646863,47.9868122919818,,,,,,,,,,,,,,
147,41883,,,,,,0.05719093233346939,,,,,,,,,,
148,41889,,,,,0.0540449395775795,,,,,,,,,,,
148,41899,,,,,0.05935569480061531,,,,,,,,,,,
148,41909,,,,,0.05634860694408417,,,,,,,,,,,
148,41919,,,,,0.05690659210085869,,,,,,,,,,,
148,41929,,,,,0.05941469594836235,,,,,,,,,,,
148,41939,,,,,0.05812081694602966,,,,,,,,,,,
148,41949,,,,,0.05591077730059624,,,,,,,,,,,
148,41959,,,,,0.05712825804948807,,,,,,,,,,,
148,41969,,,,,0.05914965644478798,,,,,,,,,,,
148,41979,,,,,0.05709709972143173,,,,,,,,,,,
148,41989,,,,,0.051381394267082214,,,,,,,,,,,
148,41999,,,,,0.05782280117273331,,,,,,,,,,,
148,42009,,,,,0.05335306376218796,,,,,,,,,,,
148,42019,,,,,0.054712094366550446,,,,,,,,,,,
148,42029,,,,,0.053685180842876434,,,,,,,,,,,
148,42039,,,,,0.05844280868768692,,,,,,,,,,,
148,42049,,,,,0.057130370289087296,,,,,,,,,,,
148,42059,,,,,0.05766266956925392,,,,,,,,,,,
148,42069,,,,,0.05679863318800926,,,,,,,,,,,
148,42079,,,,,0.05887043476104736,,,,,,,,,,,
148,42089,,,,,0.05483090505003929,,,,,,,,,,,
148,42099,,,,,0.05655495449900627,,,,,,,,,,,
148,42109,,,,,0.05300236865878105,,,,,,,,,,,
148,42119,,,,,0.05940256267786026,,,,,,,,,,,
148,42129,,,,,0.05815252661705017,,,,,,,,,,,
148,42139,,,,,0.05662117153406143,,,,,,,,,,,
148,42149,,,,,0.05867771431803703,,,,,,,,,,,
148,42159,,,,,0.0524011105298996,,,,,,,,,,,
148,148,0.012049343835969334,47.81016131265849,,,,,,,,,,,,,,
148,42166,,,,,,0.05715802684426308,,,,,,,,,,
149,42169,,,,,0.055192723870277405,,,,,,,,,,,
149,42179,,,,,0.05486789345741272,,,,,,,,,,,
149,42189,,,,,0.060632653534412384,,,,,,,,,,,
149,42199,,,,,0.05491345748305321,,,,,,,,,,,
149,42209,,,,,0.057884201407432556,,,,,,,,,,,
149,42219,,,,,0.054692674428224564,,,,,,,,,,,
149,42229,,,,,0.05703502148389816,,,,,,,,,,,
149,42239,,,,,0.056212302297353745,,,,,,,,,,,
149,42249,,,,,0.06221340224146843,,,,,,,,,,,
149,42259,,,,,0.06277327984571457,,,,,,,,,,,
149,42269,,,,,0.061424046754837036,,,,,,,,,,,
149,42279,,,,,0.05886056274175644,,,,,,,,,,,
149,42289,,,,,0.05778616666793823,,,,,,,,,,,
149,42299,,,,,0.0552164763212204,,,,,,,,,,,
149,42309,,,,,0.05815301463007927,,,,,,,,,,,
149,42319,,,,,0.055405136197805405,,,,,,,,,,,
149,42329,,,,,0.05569223314523697,,,,,,,,,,,
149,42339,,,,,0.052861593663692474,,,,,,,,,,,
149,42349,,,,,0.05810234323143959,,,,,,,,,,,
149,42359,,,,,0.05922628194093704,,,,,,,,,,,
149,42369,,,,,0.057666342705488205,,,,,,,,,,,
149,42379,,,,,0.057664792984724045,,,,,,,,,,,
149,42389,,,,,0.059471335262060165,,,,,,,,,,,
149,42399,,,,,0.061794426292181015,,,,,,,,,,,
149,42409,,,,,0.06035435572266579,,,,,,,,,,,
149,42419,,,,,0.05929562821984291,,,,,,,,,,,
149,42429,,,,,0.05484454706311226,,,,,,,,,,,
149,42439,,,,,0.06017005443572998,,,,,,,,,,,
149,42449,,,,,0.056104257702827454,,,,,,,,,,,
149,149,,,0.49985167384147644,0.0,,,0.056937977827393696,0.014135058037936687,,0.4982139468193054,,0.0,,0.057335578912526976,,0.014686227776110172
149,42449,,,,,,,,,0.4982139468193054,,0.0,,0.05733557790517807,,0.014686227776110172,
149,149,0.01526381450737696,47.653402945085375,,,,,,,,,,,,,,
149,42449,,,,,,0.05713317543268204,,,,,,,,,,
150,42459,,,,,0.054662302136421204,,,,,,,,,,,
150,42469,,,,,0.05408606305718422,,,,,,,,,,,
150,42479,,,,,0.05658671632409096,,,,,,,,,,,
150,42489,,,,,0.056840091943740845,,,,,,,,,,,
150,42499,,,,,0.057144150137901306,,,,,,,,,,,
150,42509,,,,,0.0530850924551487,,,,,,,,,,,
150,42519,,,,,0.05379846692085266,,,,,,,,,,,
150,42529,,,,,0.05426398664712906,,,,,,,,,,,
150,42539,,,,,0.058361053466796875,,,,,,,,,,,
150,42549,,,,,0.0588202029466629,,,,,,,,,,,
150,42559,,,,,0.056330740451812744,,,,,,,,,,,
150,42569,,,,,0.053830742835998535,,,,,,,,,,,
150,42579,,,,,0.0523366704583168,,,,,,,,,,,
150,42589,,,,,0.05728476867079735,,,,,,,,,,,
150,42599,,,,,0.05452444776892662,,,,,,,,,,,
150,42609,,,,,0.053906261920928955,,,,,,,,,,,
150,42619,,,,,0.0597098246216774,,,,,,,,,,,
150,42629,,,,,0.05706903710961342,,,,,,,,,,,
150,42639,,,,,0.0565619058907032,,,,,,,,,,,
150,42649,,,,,0.05685364827513695,,,,,,,,,,,
150,42659,,,,,0.060267068445682526,,,,,,,,,,,
150,42669,,,,,0.05319774150848389,,,,,,,,,,,
150,42679,,,,,0.054447002708911896,,,,,,,,,,,
150,42689,,,,,0.05923338979482651,,,,,,,,,,,
150,42699,,,,,0.05651268735527992,,,,,,,,,,,
150,42709,,,,,0.05616873502731323,,,,,,,,,,,
150,42719,,,,,0.05590064078569412,,,,,,,,,,,
150,42729,,,,,0.06083984300494194,,,,,,,,,,,
150,150,0.012861067600298674,47.488724180446404,,,,,,,,,,,,,,
150,42732,,,,,,0.05713308975100517,,,,,,,,,,
151,42739,,,,,0.06062624976038933,,,,,,,,,,,
151,42749,,,,,0.06047743931412697,,,,,,,,,,,
151,42759,,,,,0.054295994341373444,,,,,,,,,,,
151,42769,,,,,0.059021055698394775,,,,,,,,,,,
151,42779,,,,,0.0523206852376461,,,,,,,,,,,
151,42789,,,,,0.05730322748422623,,,,,,,,,,,
151,42799,,,,,0.057073865085840225,,,,,,,,,,,
151,42809,,,,,0.0581558458507061,,,,,,,,,,,
151,42819,,,,,0.054539866745471954,,,,,,,,,,,
151,42829,,,,,0.05842315033078194,,,,,,,,,,,
151,42839,,,,,0.05429500713944435,,,,,,,,,,,
151,42849,,,,,0.05629024654626846,,,,,,,,,,,
151,42859,,,,,0.05701090022921562,,,,,,,,,,,
151,42869,,,,,0.05959129333496094,,,,,,,,,,,
151,42879,,,,,0.06075560301542282,,,,,,,,,,,
151,42889,,,,,0.05854736268520355,,,,,,,,,,,
151,42899,,,,,0.056500714272260666,,,,,,,,,,,
151,42909,,,,,0.05850481986999512,,,,,,,,,,,
151,42919,,,,,0.056997258216142654,,,,,,,,,,,
151,42929,,,,,0.0590355284512043,,,,,,,,,,,
151,42939,,,,,0.06091787666082382,,,,,,,,,,,
151,42949,,,,,0.06353657692670822,,,,,,,,,,,
151,42959,,,,,0.05395578593015671,,,,,,,,,,,
151,42969,,,,,0.05617576837539673,,,,,,,,,,,
151,42979,,,,,0.05716511234641075,,,,,,,,,,,
151,42989,,,,,0.05695926398038864,,,,,,,,,,,
151,42999,,,,,0.060051873326301575,,,,,,,,,,,
151,43009,,,,,0.053761400282382965,,,,,,,,,,,
151,151,0.012933074272625246,47.32083852382213,,,,,,,,,,,,,,
151,43015,,,,,,0.05717795342206955,,,,,,,,,,
152,43019,,,,,0.057572800666093826,,,,,,,,,,,
152,43029,,,,,0.05815761536359787,,,,,,,,,,,
152,43039,,,,,0.05971590429544449,,,,,,,,,,,
152,43049,,,,,0.052683889865875244,,,,,,,,,,,
152,43059,,,,,0.05722152441740036,,,,,,,,,,,
152,43069,,,,,0.06348635256290436,,,,,,,,,,,
152,43079,,,,,0.05740067735314369,,,,,,,,,,,
152,43089,,,,,0.05773024633526802,,,,,,,,,,,
152,43099,,,,,0.05836585536599159,,,,,,,,,,,
152,43109,,,,,0.060236118733882904,,,,,,,,,,,
152,43119,,,,,0.05574211850762367,,,,,,,,,,,
152,43129,,,,,0.055729154497385025,,,,,,,,,,,
152,43139,,,,,0.056417111307382584,,,,,,,,,,,
152,43149,,,,,0.05650609731674194,,,,,,,,,,,
152,43159,,,,,0.057793546468019485,,,,,,,,,,,
152,43169,,,,,0.0567956417798996,,,,,,,,,,,
152,43179,,,,,0.05524419993162155,,,,,,,,,,,
152,43189,,,,,0.057888854295015335,,,,,,,,,,,
152,43199,,,,,0.05851580575108528,,,,,,,,,,,
152,43209,,,,,0.059992894530296326,,,,,,,,,,,
152,43219,,,,,0.0547432005405426,,,,,,,,,,,
152,43229,,,,,0.055253587663173676,,,,,,,,,,,
152,43239,,,,,0.05775301903486252,,,,,,,,,,,
152,43249,,,,,0.0519079826772213,,,,,,,,,,,
152,43259,,,,,0.05512795224785805,,,,,,,,,,,
152,43269,,,,,0.06103328615427017,,,,,,,,,,,
152,43279,,,,,0.05665192753076553,,,,,,,,,,,
152,43289,,,,,0.06090334430336952,,,,,,,,,,,
152,152,0.012246339383832754,47.17629228396985,,,,,,,,,,,,,,
152,43298,,,,,,0.05714772269129753,,,,,,,,,,
153,43299,,,,,0.05572007969021797,,,,,,,,,,,
153,43309,,,,,0.05637093260884285,,,,,,,,,,,
153,43319,,,,,0.06042230501770973,,,,,,,,,,,
153,43329,,,,,0.05563833564519882,,,,,,,,,,,
153,43339,,,,,0.0581403411924839,,,,,,,,,,,
153,43349,,,,,0.05702042207121849,,,,,,,,,,,
153,43359,,,,,0.05614759400486946,,,,,,,,,,,
153,43369,,,,,0.05670398846268654,,,,,,,,,,,
153,43379,,,,,0.058078330010175705,,,,,,,,,,,
153,43389,,,,,0.06120820343494415,,,,,,,,,,,
153,43399,,,,,0.0579337403178215,,,,,,,,,,,
153,43409,,,,,0.05348486825823784,,,,,,,,,,,
153,43419,,,,,0.0575367771089077,,,,,,,,,,,
153,43429,,,,,0.060613445937633514,,,,,,,,,,,
153,43439,,,,,0.05351047217845917,,,,,,,,,,,
153,43449,,,,,0.059030722826719284,,,,,,,,,,,
153,43459,,,,,0.05345192179083824,,,,,,,,,,,
153,43469,,,,,0.05441197380423546,,,,,,,,,,,
153,43479,,,,,0.05356277897953987,,,,,,,,,,,
153,43489,,,,,0.056903038173913956,,,,,,,,,,,
153,43499,,,,,0.0561700165271759,,,,,,,,,,,
153,43509,,,,,0.05827775597572327,,,,,,,,,,,
153,43519,,,,,0.05203212797641754,,,,,,,,,,,
153,43529,,,,,0.05581267550587654,,,,,,,,,,,
153,43539,,,,,0.05674440786242485,,,,,,,,,,,
153,43549,,,,,0.055939145386219025,,,,,,,,,,,
153,43559,,,,,0.05357905104756355,,,,,,,,,,,
153,43569,,,,,0.05721648409962654,,,,,,,,,,,
153,43579,,,,,0.0627201646566391,,,,,,,,,,,
153,153,0.012467496512581302,47.07652453552989,,,,,,,,,,,,,,
153,43581,,,,,,0.05714908614754677,,,,,,,,,,
154,43589,,,,,0.05683949962258339,,,,,,,,,,,
154,43599,,,,,0.05527558550238609,,,,,,,,,,,
154,43609,,,,,0.05606278032064438,,,,,,,,,,,
154,43619,,,,,0.060106463730335236,,,,,,,,,,,
154,43629,,,,,0.05811983346939087,,,,,,,,,,,
154,43639,,,,,0.05906686931848526,,,,,,,,,,,
154,43649,,,,,0.056696679443120956,,,,,,,,,,,
154,43659,,,,,0.05844523757696152,,,,,,,,,,,
154,43669,,,,,0.05285898968577385,,,,,,,,,,,
154,43679,,,,,0.05604628100991249,,,,,,,,,,,
154,43689,,,,,0.06037643179297447,,,,,,,,,,,
154,43699,,,,,0.05651724711060524,,,,,,,,,,,
154,43709,,,,,0.05748669430613518,,,,,,,,,,,
154,43719,,,,,0.05889436602592468,,,,,,,,,,,
154,43729,,,,,0.05614187940955162,,,,,,,,,,,
154,43739,,,,,0.05811114236712456,,,,,,,,,,,
154,43749,,,,,0.0517447330057621,,,,,,,,,,,
154,43759,,,,,0.05879118666052818,,,,,,,,,,,
154,43769,,,,,0.05751177296042442,,,,,,,,,,,
154,43779,,,,,0.05501437187194824,,,,,,,,,,,
154,43789,,,,,0.05692632868885994,,,,,,,,,,,
154,43799,,,,,0.057343389838933945,,,,,,,,,,,
154,43809,,,,,0.05876951664686203,,,,,,,,,,,
154,43819,,,,,0.05390388146042824,,,,,,,,,,,
154,43829,,,,,0.05309581756591797,,,,,,,,,,,
154,43839,,,,,0.05969838798046112,,,,,,,,,,,
154,43849,,,,,0.054550424218177795,,,,,,,,,,,
154,43859,,,,,0.0584191158413887,,,,,,,,,,,
154,154,0.01188521843750701,46.946402301951885,,,,,,,,,,,,,,
154,43864,,,,,,0.057155635207891464,,,,,,,,,,
155,43869,,,,,0.05779031291604042,,,,,,,,,,,
155,43879,,,,,0.05464276671409607,,,,,,,,,,,
155,43889,,,,,0.055164795368909836,,,,,,,,,,,
155,43899,,,,,0.056870248168706894,,,,,,,,,,,
155,43909,,,,,0.05890972167253494,,,,,,,,,,,
155,43919,,,,,0.05414292588829994,,,,,,,,,,,
155,43929,,,,,0.05758333578705788,,,,,,,,,,,
155,43939,,,,,0.05911754071712494,,,,,,,,,,,
155,43949,,,,,0.060232650488615036,,,,,,,,,,,
155,43959,,,,,0.05414179712533951,,,,,,,,,,,
155,43969,,,,,0.05813388526439667,,,,,,,,,,,
155,43979,,,,,0.056527744978666306,,,,,,,,,,,
155,43989,,,,,0.05996440351009369,,,,,,,,,,,
155,43999,,,,,0.055691879242658615,,,,,,,,,,,
155,44009,,,,,0.05797435715794563,,,,,,,,,,,
155,44019,,,,,0.054885558784008026,,,,,,,,,,,
155,44029,,,,,0.056228648871183395,,,,,,,,,,,
155,44039,,,,,0.057505637407302856,,,,,,,,,,,
155,44049,,,,,0.05706959217786789,,,,,,,,,,,
155,44059,,,,,0.05537610501050949,,,,,,,,,,,
155,44069,,,,,0.05990222096443176,,,,,,,,,,,
155,44079,,,,,0.05590801686048508,,,,,,,,,,,
155,44089,,,,,0.055838290601968765,,,,,,,,,,,
155,44099,,,,,0.05246886610984802,,,,,,,,,,,
155,44109,,,,,0.05594658851623535,,,,,,,,,,,
155,44119,,,,,0.056468814611434937,,,,,,,,,,,
155,44129,,,,,0.059348203241825104,,,,,,,,,,,
155,44139,,,,,0.054468344897031784,,,,,,,,,,,
155,155,0.013663218082839294,46.82909848193102,,,,,,,,,,,,,,
155,44147,,,,,,0.05715111270546913,,,,,,,,,,
156,44149,,,,,0.05276379734277725,,,,,,,,,,,
156,44159,,,,,0.05741121247410774,,,,,,,,,,,
156,44169,,,,,0.05700734630227089,,,,,,,,,,,
156,44179,,,,,0.05785559490323067,,,,,,,,,,,
156,44189,,,,,0.056433409452438354,,,,,,,,,,,
156,44199,,,,,0.05476962774991989,,,,,,,,,,,
156,44209,,,,,0.05995621159672737,,,,,,,,,,,
156,44219,,,,,0.058342285454273224,,,,,,,,,,,
156,44229,,,,,0.05575596168637276,,,,,,,,,,,
156,44239,,,,,0.0550551638007164,,,,,,,,,,,
156,44249,,,,,0.0564565546810627,,,,,,,,,,,
156,44259,,,,,0.0569535493850708,,,,,,,,,,,
156,44269,,,,,0.05649494379758835,,,,,,,,,,,
156,44279,,,,,0.05789674445986748,,,,,,,,,,,
156,44289,,,,,0.058321911841630936,,,,,,,,,,,
156,44299,,,,,0.05488205328583717,,,,,,,,,,,
156,44309,,,,,0.05878172442317009,,,,,,,,,,,
156,44319,,,,,0.05620655417442322,,,,,,,,,,,
156,44329,,,,,0.05696158483624458,,,,,,,,,,,
156,44339,,,,,0.05807298421859741,,,,,,,,,,,
156,44349,,,,,0.05738591030240059,,,,,,,,,,,
156,44359,,,,,0.0595269501209259,,,,,,,,,,,
156,44369,,,,,0.05651967599987984,,,,,,,,,,,
156,44379,,,,,0.0579848513007164,,,,,,,,,,,
156,44389,,,,,0.05554097890853882,,,,,,,,,,,
156,44399,,,,,0.05381578952074051,,,,,,,,,,,
156,44409,,,,,0.06019212678074837,,,,,,,,,,,
156,44419,,,,,0.058236729353666306,,,,,,,,,,,
156,44429,,,,,0.05546808987855911,,,,,,,,,,,
156,156,0.011277548640802897,46.693490307093725,,,,,,,,,,,,,,
156,44430,,,,,,0.05718831345438957,,,,,,,,,,
157,44439,,,,,0.05971952900290489,,,,,,,,,,,
157,44449,,,,,0.057373374700546265,,,,,,,,,,,
157,44459,,,,,0.054681409150362015,,,,,,,,,,,
157,44469,,,,,0.057382840663194656,,,,,,,,,,,
157,44479,,,,,0.05782988294959068,,,,,,,,,,,
157,44489,,,,,0.05492950975894928,,,,,,,,,,,
157,44499,,,,,0.051092471927404404,,,,,,,,,,,
157,44509,,,,,0.05587099492549896,,,,,,,,,,,
157,44519,,,,,0.05819474160671234,,,,,,,,,,,
157,44529,,,,,0.05808621644973755,,,,,,,,,,,
157,44539,,,,,0.06222294643521309,,,,,,,,,,,
157,44549,,,,,0.05661750212311745,,,,,,,,,,,
157,44559,,,,,0.059704527258872986,,,,,,,,,,,
157,44569,,,,,0.05894225835800171,,,,,,,,,,,
157,44579,,,,,0.06027846038341522,,,,,,,,,,,
157,44589,,,,,0.05813974514603615,,,,,,,,,,,
157,44599,,,,,0.05634147673845291,,,,,,,,,,,
157,44609,,,,,0.05587576702237129,,,,,,,,,,,
157,44619,,,,,0.0610581710934639,,,,,,,,,,,
157,44629,,,,,0.05619924142956734,,,,,,,,,,,
157,44639,,,,,0.059968188405036926,,,,,,,,,,,
157,44649,,,,,0.055233098566532135,,,,,,,,,,,
157,44659,,,,,0.061385028064250946,,,,,,,,,,,
157,44669,,,,,0.05866469442844391,,,,,,,,,,,
157,44679,,,,,0.06003512442111969,,,,,,,,,,,
157,44689,,,,,0.055671628564596176,,,,,,,,,,,
157,44699,,,,,0.058083806186914444,,,,,,,,,,,
157,44709,,,,,0.05809447914361954,,,,,,,,,,,
157,157,0.013845009444509856,46.56308110207745,,,,,,,,,,,,,,
157,44713,,,,,,0.057173509150743484,,,,,,,,,,
158,44719,,,,,0.060213737189769745,,,,,,,,,,,
158,44729,,,,,0.05524719879031181,,,,,,,,,,,
158,44739,,,,,0.05630883201956749,,,,,,,,,,,
158,44749,,,,,0.05522231385111809,,,,,,,,,,,
158,44759,,,,,0.05684378370642662,,,,,,,,,,,
158,44769,,,,,0.05776846781373024,,,,,,,,,,,
158,44779,,,,,0.057547520846128464,,,,,,,,,,,
158,44789,,,,,0.05888351425528526,,,,,,,,,,,
158,44799,,,,,0.05253254994750023,,,,,,,,,,,
158,44809,,,,,0.05995945259928703,,,,,,,,,,,
158,44819,,,,,0.05456088110804558,,,,,,,,,,,
158,44829,,,,,0.05627734214067459,,,,,,,,,,,
158,44839,,,,,0.053214047104120255,,,,,,,,,,,
158,44849,,,,,0.05586026608943939,,,,,,,,,,,
158,44859,,,,,0.0581623874604702,,,,,,,,,,,
158,44869,,,,,0.05467502400279045,,,,,,,,,,,
158,44879,,,,,0.054630205035209656,,,,,,,,,,,
158,44889,,,,,0.06015394255518913,,,,,,,,,,,
158,44899,,,,,0.05651780962944031,,,,,,,,,,,
158,44909,,,,,0.05913923308253288,,,,,,,,,,,
158,44919,,,,,0.056710824370384216,,,,,,,,,,,
158,44929,,,,,0.05831514298915863,,,,,,,,,,,
158,44939,,,,,0.05796032026410103,,,,,,,,,,,
158,44949,,,,,0.05683305487036705,,,,,,,,,,,
158,44959,,,,,0.05984475091099739,,,,,,,,,,,
158,44969,,,,,0.05667844042181969,,,,,,,,,,,
158,44979,,,,,0.05986117944121361,,,,,,,,,,,
158,44989,,,,,0.05515530705451965,,,,,,,,,,,
158,158,0.012372107652640525,46.421184829139555,,,,,,,,,,,,,,
158,44996,,,,,,0.057165492326021194,,,,,,,,,,
159,44999,,,,,0.05860015004873276,,,,,,,,,,,
159,45009,,,,,0.055012643337249756,,,,,,,,,,,
159,45019,,,,,0.05511631816625595,,,,,,,,,,,
159,45029,,,,,0.058079540729522705,,,,,,,,,,,
159,45039,,,,,0.056637365370988846,,,,,,,,,,,
159,45049,,,,,0.05637844279408455,,,,,,,,,,,
159,45059,,,,,0.05565668269991875,,,,,,,,,,,
159,45069,,,,,0.057947587221860886,,,,,,,,,,,
159,45079,,,,,0.05569997429847717,,,,,,,,,,,
159,45089,,,,,0.05910868942737579,,,,,,,,,,,
159,45099,,,,,0.05596441403031349,,,,,,,,,,,
159,45109,,,,,0.05645540729165077,,,,,,,,,,,
159,45119,,,,,0.05560501664876938,,,,,,,,,,,
159,45129,,,,,0.05500509962439537,,,,,,,,,,,
159,45139,,,,,0.0575554259121418,,,,,,,,,,,
159,45149,,,,,0.054322294890880585,,,,,,,,,,,
159,45159,,,,,0.05318763479590416,,,,,,,,,,,
159,45169,,,,,0.05356424301862717,,,,,,,,,,,
159,45179,,,,,0.05152035877108574,,,,,,,,,,,
159,45189,,,,,0.052887335419654846,,,,,,,,,,,
159,45199,,,,,0.05640701577067375,,,,,,,,,,,
159,45209,,,,,0.05942066013813019,,,,,,,,,,,
159,45219,,,,,0.056585874408483505,,,,,,,,,,,
159,45229,,,,,0.060890160501003265,,,,,,,,,,,
159,45239,,,,,0.05499912053346634,,,,,,,,,,,
159,45249,,,,,0.05596090108156204,,,,,,,,,,,
159,45259,,,,,0.05436605215072632,,,,,,,,,,,
159,45269,,,,,0.05573044344782829,,,,,,,,,,,
159,45279,,,,,0.0562925711274147,,,,,,,,,,,
159,159,,,0.4998900890350342,0.0,,,0.05692968611004165,0.014139439910650253,,0.49788612127304077,,0.0,,0.05732364994853887,,0.014647557400166988
159,45279,,,,,,,,,0.49788612127304077,,0.0,,0.0573236458003521,,0.014647557400166988,
159,159,0.011370211484502459,46.29226099589145,,,,,,,,,,,,,,
159,45279,,,,,,0.05718521773815155,,,,,,,,,,
160,45289,,,,,0.056640371680259705,,,,,,,,,,,
160,45299,,,,,0.05946197360754013,,,,,,,,,,,
160,45309,,,,,0.054066769778728485,,,,,,,,,,,
160,45319,,,,,0.05555286630988121,,,,,,,,,,,
160,45329,,,,,0.05745113268494606,,,,,,,,,,,
160,45339,,,,,0.056506309658288956,,,,,,,,,,,
160,45349,,,,,0.056432224810123444,,,,,,,,,,,
160,45359,,,,,0.05641473829746246,,,,,,,,,,,
160,45369,,,,,0.05754947289824486,,,,,,,,,,,
160,45379,,,,,0.05870471149682999,,,,,,,,,,,
160,45389,,,,,0.05893354490399361,,,,,,,,,,,
160,45399,,,,,0.05933220684528351,,,,,,,,,,,
160,45409,,,,,0.056307971477508545,,,,,,,,,,,
160,45419,,,,,0.05479557812213898,,,,,,,,,,,
160,45429,,,,,0.05642421916127205,,,,,,,,,,,
160,45439,,,,,0.06070797145366669,,,,,,,,,,,
160,45449,,,,,0.058585986495018005,,,,,,,,,,,
160,45459,,,,,0.06228714436292648,,,,,,,,,,,
160,45469,,,,,0.06071526184678078,,,,,,,,,,,
160,45479,,,,,0.05517560988664627,,,,,,,,,,,
160,45489,,,,,0.055130694061517715,,,,,,,,,,,
160,45499,,,,,0.054911673069000244,,,,,,,,,,,
160,45509,,,,,0.05366310849785805,,,,,,,,,,,
160,45519,,,,,0.056973088532686234,,,,,,,,,,,
160,45529,,,,,0.05681826174259186,,,,,,,,,,,
160,45539,,,,,0.057383544743061066,,,,,,,,,,,
160,45549,,,,,0.05823506787419319,,,,,,,,,,,
160,45559,,,,,0.05758528783917427,,,,,,,,,,,
160,160,0.011145395917706587,46.15270430031439,,,,,,,,,,,,,,
160,45562,,,,,,0.05712523311376572,,,,,,,,,,
161,45569,,,,,0.059802550822496414,,,,,,,,,,,
161,45579,,,,,0.05701598897576332,,,,,,,,,,,
161,45589,,,,,0.05901793763041496,,,,,,,,,,,
161,45599,,,,,0.05450577288866043,,,,,,,,,,,
161,45609,,,,,0.05700484290719032,,,,,,,,,,,
161,45619,,,,,0.05879708006978035,,,,,,,,,,,
161,45629,,,,,0.05987580493092537,,,,,,,,,,,
161,45639,,,,,0.0577966533601284,,,,,,,,,,,
161,45649,,,,,0.058864038437604904,,,,,,,,,,,
161,45659,,,,,0.0552322193980217,,,,,,,,,,,
161,45669,,,,,0.05793355405330658,,,,,,,,,,,
161,45679,,,,,0.05676596984267235,,,,,,,,,,,
161,45689,,,,,0.057086192071437836,,,,,,,,,,,
161,45699,,,,,0.054432474076747894,,,,,,,,,,,
161,45709,,,,,0.055430784821510315,,,,,,,,,,,
161,45719,,,,,0.052447959780693054,,,,,,,,,,,
161,45729,,,,,0.05977384001016617,,,,,,,,,,,
161,45739,,,,,0.05514255166053772,,,,,,,,,,,
161,45749,,,,,0.05927852541208267,,,,,,,,,,,
161,45759,,,,,0.05660703778266907,,,,,,,,,,,
161,45769,,,,,0.055776871740818024,,,,,,,,,,,
161,45779,,,,,0.058710977435112,,,,,,,,,,,
161,45789,,,,,0.05791492760181427,,,,,,,,,,,
161,45799,,,,,0.05771506205201149,,,,,,,,,,,
161,45809,,,,,0.0519234798848629,,,,,,,,,,,
161,45819,,,,,0.05795495957136154,,,,,,,,,,,
161,45829,,,,,0.05511961504817009,,,,,,,,,,,
161,45839,,,,,0.05858615040779114,,,,,,,,,,,
161,161,0.012743676218180509,46.01303380101151,,,,,,,,,,,,,,
161,45845,,,,,,0.057126399129629135,,,,,,,,,,
162,45849,,,,,0.05515115335583687,,,,,,,,,,,
162,45859,,,,,0.05387889966368675,,,,,,,,,,,
162,45869,,,,,0.05647516995668411,,,,,,,,,,,
162,45879,,,,,0.05383695662021637,,,,,,,,,,,
162,45889,,,,,0.06129782646894455,,,,,,,,,,,
162,45899,,,,,0.057325903326272964,,,,,,,,,,,
162,45909,,,,,0.05670565739274025,,,,,,,,,,,
162,45919,,,,,0.05408814549446106,,,,,,,,,,,
162,45929,,,,,0.054806262254714966,,,,,,,,,,,
162,45939,,,,,0.05585087835788727,,,,,,,,,,,
162,45949,,,,,0.056029025465250015,,,,,,,,,,,
162,45959,,,,,0.056410979479551315,,,,,,,,,,,
162,45969,,,,,0.05815643072128296,,,,,,,,,,,
162,45979,,,,,0.058181848376989365,,,,,,,,,,,
162,45989,,,,,0.056901030242443085,,,,,,,,,,,
162,45999,,,,,0.052792929112911224,,,,,,,,,,,
162,46009,,,,,0.05365036427974701,,,,,,,,,,,
162,46019,,,,,0.05517774075269699,,,,,,,,,,,
162,46029,,,,,0.05912317335605621,,,,,,,,,,,
162,46039,,,,,0.05696338787674904,,,,,,,,,,,
162,46049,,,,,0.056869372725486755,,,,,,,,,,,
162,46059,,,,,0.06056635454297066,,,,,,,,,,,
162,46069,,,,,0.05315789207816124,,,,,,,,,,,
162,46079,,,,,0.05725524574518204,,,,,,,,,,,
162,46089,,,,,0.05980886146426201,,,,,,,,,,,
162,46099,,,,,0.05674042925238609,,,,,,,,,,,
162,46109,,,,,0.0540858618915081,,,,,,,,,,,
162,46119,,,,,0.060025572776794434,,,,,,,,,,,
162,162,0.01217240441390998,45.88068059815017,,,,,,,,,,,,,,
162,46128,,,,,,0.057198572903871536,,,,,,,,,,
163,46129,,,,,0.055359579622745514,,,,,,,,,,,
163,46139,,,,,0.06012329086661339,,,,,,,,,,,
163,46149,,,,,0.05782546103000641,,,,,,,,,,,
163,46159,,,,,0.06247236207127571,,,,,,,,,,,
163,46169,,,,,0.05441546440124512,,,,,,,,,,,
163,46179,,,,,0.05899481102824211,,,,,,,,,,,
163,46189,,,,,0.054444797337055206,,,,,,,,,,,
163,46199,,,,,0.05555291473865509,,,,,,,,,,,
163,46209,,,,,0.05543160438537598,,,,,,,,,,,
163,46219,,,,,0.058140307664871216,,,,,,,,,,,
163,46229,,,,,0.05885019898414612,,,,,,,,,,,
163,46239,,,,,0.05913810804486275,,,,,,,,,,,
163,46249,,,,,0.05525408685207367,,,,,,,,,,,
163,46259,,,,,0.057472191751003265,,,,,,,,,,,
163,46269,,,,,0.05305923894047737,,,,,,,,,,,
163,46279,,,,,0.059553515166044235,,,,,,,,,,,
163,46289,,,,,0.05272068828344345,,,,,,,,,,,
163,46299,,,,,0.05757179856300354,,,,,,,,,,,
163,46309,,,,,0.05436644330620766,,,,,,,,,,,
163,46319,,,,,0.06334652006626129,,,,,,,,,,,
163,46329,,,,,0.055493395775556564,,,,,,,,,,,
163,46339,,,,,0.05597343668341637,,,,,,,,,,,
163,46349,,,,,0.05595826357603073,,,,,,,,,,,
163,46359,,,,,0.05626791715621948,,,,,,,,,,,
163,46369,,,,,0.05515602231025696,,,,,,,,,,,
163,46379,,,,,0.056541722267866135,,,,,,,,,,,
163,46389,,,,,0.05915585905313492,,,,,,,,,,,
163,46399,,,,,0.056083183735609055,,,,,,,,,,,
163,46409,,,,,0.056170541793107986,,,,,,,,,,,
163,163,0.012380751207370583,45.774546292369614,,,,,,,,,,,,,,
163,46411,,,,,,0.05717812851071358,,,,,,,,,,
164,46419,,,,,0.056856028735637665,,,,,,,,,,,
164,46429,,,,,0.0601193904876709,,,,,,,,,,,
164,46439,,,,,0.0545831024646759,,,,,,,,,,,
164,46449,,,,,0.05443466827273369,,,,,,,,,,,
164,46459,,,,,0.056886252015829086,,,,,,,,,,,
164,46469,,,,,0.055998776108026505,,,,,,,,,,,
164,46479,,,,,0.058544762432575226,,,,,,,,,,,
164,46489,,,,,0.05528661981225014,,,,,,,,,,,
164,46499,,,,,0.055964671075344086,,,,,,,,,,,
164,46509,,,,,0.05739106237888336,,,,,,,,,,,
164,46519,,,,,0.058136142790317535,,,,,,,,,,,
164,46529,,,,,0.05810673534870148,,,,,,,,,,,
164,46539,,,,,0.06024409085512161,,,,,,,,,,,
164,46549,,,,,0.056134410202503204,,,,,,,,,,,
164,46559,,,,,0.055746886879205704,,,,,,,,,,,
164,46569,,,,,0.05579439550638199,,,,,,,,,,,
164,46579,,,,,0.06439641863107681,,,,,,,,,,,
164,46589,,,,,0.051936857402324677,,,,,,,,,,,
164,46599,,,,,0.05909538269042969,,,,,,,,,,,
164,46609,,,,,0.056416526436805725,,,,,,,,,,,
164,46619,,,,,0.057840391993522644,,,,,,,,,,,
164,46629,,,,,0.05625578388571739,,,,,,,,,,,
164,46639,,,,,0.06087237223982811,,,,,,,,,,,
164,46649,,,,,0.05625542998313904,,,,,,,,,,,
164,46659,,,,,0.05505901947617531,,,,,,,,,,,
164,46669,,,,,0.060828182846307755,,,,,,,,,,,
164,46679,,,,,0.055955369025468826,,,,,,,,,,,
164,46689,,,,,0.05749931558966637,,,,,,,,,,,
164,164,0.011446393769078815,45.64450594856932,,,,,,,,,,,,,,
164,46694,,,,,,0.05714704096317291,,,,,,,,,,
165,46699,,,,,0.05557158216834068,,,,,,,,,,,
165,46709,,,,,0.05790720507502556,,,,,,,,,,,
165,46719,,,,,0.05343984067440033,,,,,,,,,,,
165,46729,,,,,0.0566820427775383,,,,,,,,,,,
165,46739,,,,,0.05672857537865639,,,,,,,,,,,
165,46749,,,,,0.05520019307732582,,,,,,,,,,,
165,46759,,,,,0.053761180490255356,,,,,,,,,,,
165,46769,,,,,0.05655632168054581,,,,,,,,,,,
165,46779,,,,,0.06151464581489563,,,,,,,,,,,
165,46789,,,,,0.05953564867377281,,,,,,,,,,,
165,46799,,,,,0.058992307633161545,,,,,,,,,,,
165,46809,,,,,0.06159689649939537,,,,,,,,,,,
165,46819,,,,,0.05398277938365936,,,,,,,,,,,
165,46829,,,,,0.05947684124112129,,,,,,,,,,,
165,46839,,,,,0.053250037133693695,,,,,,,,,,,
165,46849,,,,,0.055261190980672836,,,,,,,,,,,
165,46859,,,,,0.05746271088719368,,,,,,,,,,,
165,46869,,,,,0.05869487300515175,,,,,,,,,,,
165,46879,,,,,0.055352356284856796,,,,,,,,,,,
165,46889,,,,,0.05569242313504219,,,,,,,,,,,
165,46899,,,,,0.05425771325826645,,,,,,,,,,,
165,46909,,,,,0.05964727699756622,,,,,,,,,,,
165,46919,,,,,0.05616472661495209,,,,,,,,,,,
165,46929,,,,,0.05511249229311943,,,,,,,,,,,
165,46939,,,,,0.058176830410957336,,,,,,,,,,,
165,46949,,,,,0.05745324492454529,,,,,,,,,,,
165,46959,,,,,0.05073510482907295,,,,,,,,,,,
165,46969,,,,,0.05720307305455208,,,,,,,,,,,
165,165,0.010732759154611261,45.535615414267205,,,,,,,,,,,,,,
165,46977,,,,,,0.05714956298470497,,,,,,,,,,
166,46979,,,,,0.05269027128815651,,,,,,,,,,,
166,46989,,,,,0.05441531166434288,,,,,,,,,,,
166,46999,,,,,0.05664212629199028,,,,,,,,,,,
166,47009,,,,,0.058733291923999786,,,,,,,,,,,
166,47019,,,,,0.05354103818535805,,,,,,,,,,,
166,47029,,,,,0.055443279445171356,,,,,,,,,,,
166,47039,,,,,0.05617554113268852,,,,,,,,,,,
166,47049,,,,,0.05536404252052307,,,,,,,,,,,
166,47059,,,,,0.0577099584043026,,,,,,,,,,,
166,47069,,,,,0.05955807864665985,,,,,,,,,,,
166,47079,,,,,0.06008078530430794,,,,,,,,,,,
166,47089,,,,,0.06117967516183853,,,,,,,,,,,
166,47099,,,,,0.05638166517019272,,,,,,,,,,,
166,47109,,,,,0.06175323948264122,,,,,,,,,,,
166,47119,,,,,0.055508386343717575,,,,,,,,,,,
166,47129,,,,,0.05486245080828667,,,,,,,,,,,
166,47139,,,,,0.05926624685525894,,,,,,,,,,,
166,47149,,,,,0.055723272264003754,,,,,,,,,,,
166,47159,,,,,0.05911044776439667,,,,,,,,,,,
166,47169,,,,,0.05563997104763985,,,,,,,,,,,
166,47179,,,,,0.05646596476435661,,,,,,,,,,,
166,47189,,,,,0.05971323698759079,,,,,,,,,,,
166,47199,,,,,0.05482758209109306,,,,,,,,,,,
166,47209,,,,,0.06076512113213539,,,,,,,,,,,
166,47219,,,,,0.057053342461586,,,,,,,,,,,
166,47229,,,,,0.05599874630570412,,,,,,,,,,,
166,47239,,,,,0.060927245765924454,,,,,,,,,,,
166,47249,,,,,0.05618583783507347,,,,,,,,,,,
166,47259,,,,,0.050689950585365295,,,,,,,,,,,
166,166,0.012610279054964807,45.38975519111303,,,,,,,,,,,,,,
166,47260,,,,,,0.05713392421603203,,,,,,,,,,
167,47269,,,,,0.05383884906768799,,,,,,,,,,,
167,47279,,,,,0.05641595274209976,,,,,,,,,,,
167,47289,,,,,0.05946769937872887,,,,,,,,,,,
167,47299,,,,,0.05299478769302368,,,,,,,,,,,
167,47309,,,,,0.05649445578455925,,,,,,,,,,,
167,47319,,,,,0.055808935314416885,,,,,,,,,,,
167,47329,,,,,0.05746244266629219,,,,,,,,,,,
167,47339,,,,,0.05524417757987976,,,,,,,,,,,
167,47349,,,,,0.06098071113228798,,,,,,,,,,,
167,47359,,,,,0.05584276095032692,,,,,,,,,,,
167,47369,,,,,0.05679868534207344,,,,,,,,,,,
167,47379,,,,,0.054226648062467575,,,,,,,,,,,
167,47389,,,,,0.05701523274183273,,,,,,,,,,,
167,47399,,,,,0.054783884435892105,,,,,,,,,,,
167,47409,,,,,0.055993761867284775,,,,,,,,,,,
167,47419,,,,,0.05755775049328804,,,,,,,,,,,
167,47429,,,,,0.05603135749697685,,,,,,,,,,,
167,47439,,,,,0.05741450563073158,,,,,,,,,,,
167,47449,,,,,0.057983819395303726,,,,,,,,,,,
167,47459,,,,,0.05385506525635719,,,,,,,,,,,
167,47469,,,,,0.06046489253640175,,,,,,,,,,,
167,47479,,,,,0.0562472827732563,,,,,,,,,,,
167,47489,,,,,0.054822057485580444,,,,,,,,,,,
167,47499,,,,,0.05700681731104851,,,,,,,,,,,
167,47509,,,,,0.056293271481990814,,,,,,,,,,,
167,47519,,,,,0.05642621964216232,,,,,,,,,,,
167,47529,,,,,0.05605844408273697,,,,,,,,,,,
167,47539,,,,,0.05964823439717293,,,,,,,,,,,
167,167,0.010373933496821398,45.27310307755936,,,,,,,,,,,,,,
167,47543,,,,,,0.05715230479836464,,,,,,,,,,
168,47549,,,,,0.056397177278995514,,,,,,,,,,,
168,47559,,,,,0.05859161168336868,,,,,,,,,,,
168,47569,,,,,0.05925548076629639,,,,,,,,,,,
168,47579,,,,,0.0590754933655262,,,,,,,,,,,
168,47589,,,,,0.05693412199616432,,,,,,,,,,,
168,47599,,,,,0.05656307935714722,,,,,,,,,,,
168,47609,,,,,0.05318424478173256,,,,,,,,,,,
168,47619,,,,,0.05531211942434311,,,,,,,,,,,
168,47629,,,,,0.06203659623861313,,,,,,,,,,,
168,47639,,,,,0.051889751106500626,,,,,,,,,,,
168,47649,,,,,0.05862804874777794,,,,,,,,,,,
168,47659,,,,,0.05707209184765816,,,,,,,,,,,
168,47669,,,,,0.05802006646990776,,,,,,,,,,,
168,47679,,,,,0.05433617904782295,,,,,,,,,,,
168,47689,,,,,0.05722881481051445,,,,,,,,,,,
168,47699,,,,,0.05545876920223236,,,,,,,,,,,
168,47709,,,,,0.05687786638736725,,,,,,,,,,,
168,47719,,,,,0.057011667639017105,,,,,,,,,,,
168,47729,,,,,0.054203446954488754,,,,,,,,,,,
168,47739,,,,,0.054283421486616135,,,,,,,,,,,
168,47749,,,,,0.05657493695616722,,,,,,,,,,,
168,47759,,,,,0.05770965293049812,,,,,,,,,,,
168,47769,,,,,0.05564676970243454,,,,,,,,,,,
168,47779,,,,,0.05667255073785782,,,,,,,,,,,
168,47789,,,,,0.057940930128097534,,,,,,,,,,,
168,47799,,,,,0.05701802670955658,,,,,,,,,,,
168,47809,,,,,0.054950181394815445,,,,,,,,,,,
168,47819,,,,,0.05715956911444664,,,,,,,,,,,
168,168,0.011492662311422064,45.142793357848866,,,,,,,,,,,,,,
168,47826,,,,,,0.0571492575109005,,,,,,,,,,
169,47829,,,,,0.053241319954395294,,,,,,,,,,,
169,47839,,,,,0.05274471268057823,,,,,,,,,,,
169,47849,,,,,0.05716662481427193,,,,,,,,,,,
169,47859,,,,,0.05811318755149841,,,,,,,,,,,
169,47869,,,,,0.05750197544693947,,,,,,,,,,,
169,47879,,,,,0.057695675641298294,,,,,,,,,,,
169,47889,,,,,0.05542349815368652,,,,,,,,,,,
169,47899,,,,,0.05730913579463959,,,,,,,,,,,
169,47909,,,,,0.05661066621541977,,,,,,,,,,,
169,47919,,,,,0.062459152191877365,,,,,,,,,,,
169,47929,,,,,0.05584188550710678,,,,,,,,,,,
169,47939,,,,,0.050598565489053726,,,,,,,,,,,
169,47949,,,,,0.05260349437594414,,,,,,,,,,,
169,47959,,,,,0.05609188601374626,,,,,,,,,,,
169,47969,,,,,0.05636914446949959,,,,,,,,,,,
169,47979,,,,,0.056061264127492905,,,,,,,,,,,
169,47989,,,,,0.05880575254559517,,,,,,,,,,,
169,47999,,,,,0.057061150670051575,,,,,,,,,,,
169,48009,,,,,0.0554470457136631,,,,,,,,,,,
169,48019,,,,,0.05908581241965294,,,,,,,,,,,
169,48029,,,,,0.06111380457878113,,,,,,,,,,,
169,48039,,,,,0.0584360808134079,,,,,,,,,,,
169,48049,,,,,0.057921092957258224,,,,,,,,,,,
169,48059,,,,,0.05693266913294792,,,,,,,,,,,
169,48069,,,,,0.05885228142142296,,,,,,,,,,,
169,48079,,,,,0.05460179224610329,,,,,,,,,,,
169,48089,,,,,0.058194201439619064,,,,,,,,,,,
169,48099,,,,,0.05732318013906479,,,,,,,,,,,
169,48109,,,,,0.05338972061872482,,,,,,,,,,,
169,169,,,0.49978139996528625,0.0,,,0.05692582891912092,0.014130103401839733,,0.4959324896335602,,0.0,,0.05731082239131234,,0.014462296850979328
169,48109,,,,,,,,,0.4959324896335602,,0.0,,0.05731082335114479,,0.014462296850979328,
169,169,0.012172244248036564,44.997865229123384,,,,,,,,,,,,,,
169,48109,,,,,,0.05716920644044876,,,,,,,,,,
170,48119,,,,,0.05639003589749336,,,,,,,,,,,
170,48129,,,,,0.05584079399704933,,,,,,,,,,,
170,48139,,,,,0.05702567100524902,,,,,,,,,,,
170,48149,,,,,0.05884181335568428,,,,,,,,,,,
170,48159,,,,,0.05457694083452225,,,,,,,,,,,
170,48169,,,,,0.060539890080690384,,,,,,,,,,,
170,48179,,,,,0.05985504761338234,,,,,,,,,,,
170,48189,,,,,0.05472017824649811,,,,,,,,,,,
170,48199,,,,,0.05740346387028694,,,,,,,,,,,
170,48209,,,,,0.058072466403245926,,,,,,,,,,,
170,48219,,,,,0.056413620710372925,,,,,,,,,,,
170,48229,,,,,0.05667031183838844,,,,,,,,,,,
170,48239,,,,,0.05603558197617531,,,,,,,,,,,
170,48249,,,,,0.054829373955726624,,,,,,,,,,,
170,48259,,,,,0.056452780961990356,,,,,,,,,,,
170,48269,,,,,0.05696796625852585,,,,,,,,,,,
170,48279,,,,,0.061754703521728516,,,,,,,,,,,
170,48289,,,,,0.05583256855607033,,,,,,,,,,,
170,48299,,,,,0.05447552353143692,,,,,,,,,,,
170,48309,,,,,0.058224644511938095,,,,,,,,,,,
170,48319,,,,,0.05730225518345833,,,,,,,,,,,
170,48329,,,,,0.05863361805677414,,,,,,,,,,,
170,48339,,,,,0.05253089591860771,,,,,,,,,,,
170,48349,,,,,0.059115342795848846,,,,,,,,,,,
170,48359,,,,,0.056642308831214905,,,,,,,,,,,
170,48369,,,,,0.05539887025952339,,,,,,,,,,,
170,48379,,,,,0.055265557020902634,,,,,,,,,,,
170,48389,,,,,0.0553111732006073,,,,,,,,,,,
170,170,0.010906626369409745,44.856230059103844,,,,,,,,,,,,,,
170,48392,,,,,,0.0571741908788681,,,,,,,,,,
171,48399,,,,,0.0565544068813324,,,,,,,,,,,
171,48409,,,,,0.05510115996003151,,,,,,,,,,,
171,48419,,,,,0.05738477781414986,,,,,,,,,,,
171,48429,,,,,0.05586070567369461,,,,,,,,,,,
171,48439,,,,,0.0596437007188797,,,,,,,,,,,
171,48449,,,,,0.05556052550673485,,,,,,,,,,,
171,48459,,,,,0.05832332745194435,,,,,,,,,,,
171,48469,,,,,0.054457858204841614,,,,,,,,,,,
171,48479,,,,,0.059536803513765335,,,,,,,,,,,
171,48489,,,,,0.05397428944706917,,,,,,,,,,,
171,48499,,,,,0.057309214025735855,,,,,,,,,,,
171,48509,,,,,0.062108397483825684,,,,,,,,,,,
171,48519,,,,,0.057966448366642,,,,,,,,,,,
171,48529,,,,,0.06057734787464142,,,,,,,,,,,
171,48539,,,,,0.05268259719014168,,,,,,,,,,,
171,48549,,,,,0.0537770539522171,,,,,,,,,,,
171,48559,,,,,0.06150760501623154,,,,,,,,,,,
171,48569,,,,,0.056048545986413956,,,,,,,,,,,
171,48579,,,,,0.05570265278220177,,,,,,,,,,,
171,48589,,,,,0.053999558091163635,,,,,,,,,,,
171,48599,,,,,0.05744325369596481,,,,,,,,,,,
171,48609,,,,,0.055549174547195435,,,,,,,,,,,
171,48619,,,,,0.05458556488156319,,,,,,,,,,,
171,48629,,,,,0.059837035834789276,,,,,,,,,,,
171,48639,,,,,0.05703798681497574,,,,,,,,,,,
171,48649,,,,,0.057528745383024216,,,,,,,,,,,
171,48659,,,,,0.052233435213565826,,,,,,,,,,,
171,48669,,,,,0.05781785771250725,,,,,,,,,,,
171,171,0.01256377058577239,44.7202665642919,,,,,,,,,,,,,,
171,48675,,,,,,0.05714522302150726,,,,,,,,,,
172,48679,,,,,0.061427392065525055,,,,,,,,,,,
172,48689,,,,,0.06047198176383972,,,,,,,,,,,
172,48699,,,,,0.05528751015663147,,,,,,,,,,,
172,48709,,,,,0.05703142657876015,,,,,,,,,,,
172,48719,,,,,0.057800229638814926,,,,,,,,,,,
172,48729,,,,,0.06044291332364082,,,,,,,,,,,
172,48739,,,,,0.05661363527178764,,,,,,,,,,,
172,48749,,,,,0.06033848598599434,,,,,,,,,,,
172,48759,,,,,0.05814570188522339,,,,,,,,,,,
172,48769,,,,,0.058867454528808594,,,,,,,,,,,
172,48779,,,,,0.056031234562397,,,,,,,,,,,
172,48789,,,,,0.05728378891944885,,,,,,,,,,,
172,48799,,,,,0.058787938207387924,,,,,,,,,,,
172,48809,,,,,0.056628771126270294,,,,,,,,,,,
172,48819,,,,,0.05898766219615936,,,,,,,,,,,
172,48829,,,,,0.06004839390516281,,,,,,,,,,,
172,48839,,,,,0.06125118210911751,,,,,,,,,,,
172,48849,,,,,0.05670270696282387,,,,,,,,,,,
172,48859,,,,,0.06455617398023605,,,,,,,,,,,
172,48869,,,,,0.058797307312488556,,,,,,,,,,,
172,48879,,,,,0.056581296026706696,,,,,,,,,,,
172,48889,,,,,0.05523737147450447,,,,,,,,,,,
172,48899,,,,,0.05717925727367401,,,,,,,,,,,
172,48909,,,,,0.056305162608623505,,,,,,,,,,,
172,48919,,,,,0.05889277905225754,,,,,,,,,,,
172,48929,,,,,0.05902313068509102,,,,,,,,,,,
172,48939,,,,,0.059537485241889954,,,,,,,,,,,
172,48949,,,,,0.05817822739481926,,,,,,,,,,,
172,172,0.013396724479886808,44.589000885333895,,,,,,,,,,,,,,
172,48958,,,,,,0.057133644819259644,,,,,,,,,,
173,48959,,,,,0.0589045025408268,,,,,,,,,,,
173,48969,,,,,0.05227409675717354,,,,,,,,,,,
173,48979,,,,,0.05889368802309036,,,,,,,,,,,
173,48989,,,,,0.05811404809355736,,,,,,,,,,,
173,48999,,,,,0.05183492228388786,,,,,,,,,,,
173,49009,,,,,0.05549256503582001,,,,,,,,,,,
173,49019,,,,,0.05907775089144707,,,,,,,,,,,
173,49029,,,,,0.05899311229586601,,,,,,,,,,,
173,49039,,,,,0.058807164430618286,,,,,,,,,,,
173,49049,,,,,0.053586289286613464,,,,,,,,,,,
173,49059,,,,,0.05947348475456238,,,,,,,,,,,
173,49069,,,,,0.055585507303476334,,,,,,,,,,,
173,49079,,,,,0.05783136561512947,,,,,,,,,,,
173,49089,,,,,0.05835643783211708,,,,,,,,,,,
173,49099,,,,,0.057675499469041824,,,,,,,,,,,
173,49109,,,,,0.055496420711278915,,,,,,,,,,,
173,49119,,,,,0.0559668205678463,,,,,,,,,,,
173,49129,,,,,0.05733802169561386,,,,,,,,,,,
173,49139,,,,,0.06189249828457832,,,,,,,,,,,
173,49149,,,,,0.05547472834587097,,,,,,,,,,,
173,49159,,,,,0.060704004019498825,,,,,,,,,,,
173,49169,,,,,0.05651739239692688,,,,,,,,,,,
173,49179,,,,,0.0564642995595932,,,,,,,,,,,
173,49189,,,,,0.05793829634785652,,,,,,,,,,,
173,49199,,,,,0.05917041003704071,,,,,,,,,,,
173,49209,,,,,0.058445293456315994,,,,,,,,,,,
173,49219,,,,,0.05518202856183052,,,,,,,,,,,
173,49229,,,,,0.05803229659795761,,,,,,,,,,,
173,49239,,,,,0.05644951015710831,,,,,,,,,,,
173,173,0.011409489555838892,44.51657996624824,,,,,,,,,,,,,,
173,49241,,,,,,0.05716065317392349,,,,,,,,,,
174,49249,,,,,0.05370864272117615,,,,,,,,,,,
174,49259,,,,,0.055631622672080994,,,,,,,,,,,
174,49269,,,,,0.06189823895692825,,,,,,,,,,,
174,49279,,,,,0.054786160588264465,,,,,,,,,,,
174,49289,,,,,0.055017247796058655,,,,,,,,,,,
174,49299,,,,,0.06057051941752434,,,,,,,,,,,
174,49309,,,,,0.05957384407520294,,,,,,,,,,,
174,49319,,,,,0.059997763484716415,,,,,,,,,,,
174,49329,,,,,0.055784985423088074,,,,,,,,,,,
174,49339,,,,,0.05937790498137474,,,,,,,,,,,
174,49349,,,,,0.05445059761404991,,,,,,,,,,,
174,49359,,,,,0.053739581257104874,,,,,,,,,,,
174,49369,,,,,0.05332939326763153,,,,,,,,,,,
174,49379,,,,,0.05968425050377846,,,,,,,,,,,
174,49389,,,,,0.053679339587688446,,,,,,,,,,,
174,49399,,,,,0.05802211910486221,,,,,,,,,,,
174,49409,,,,,0.058153148740530014,,,,,,,,,,,
174,49419,,,,,0.05832537263631821,,,,,,,,,,,
174,49429,,,,,0.053097594529390335,,,,,,,,,,,
174,49439,,,,,0.056567832827568054,,,,,,,,,,,
174,49449,,,,,0.0580679289996624,,,,,,,,,,,
174,49459,,,,,0.058438412845134735,,,,,,,,,,,
174,49469,,,,,0.05662694573402405,,,,,,,,,,,
174,49479,,,,,0.05528074875473976,,,,,,,,,,,
174,49489,,,,,0.05587835609912872,,,,,,,,,,,
174,49499,,,,,0.06102379038929939,,,,,,,,,,,
174,49509,,,,,0.055685583502054214,,,,,,,,,,,
174,49519,,,,,0.05984918028116226,,,,,,,,,,,
174,174,0.011963066521793445,44.38688678395092,,,,,,,,,,,,,,
174,49524,,,,,,0.05713733285665512,,,,,,,,,,
175,49529,,,,,0.055960070341825485,,,,,,,,,,,
175,49539,,,,,0.061135776340961456,,,,,,,,,,,
175,49549,,,,,0.061321042478084564,,,,,,,,,,,
175,49559,,,,,0.05969974398612976,,,,,,,,,,,
175,49569,,,,,0.05763785168528557,,,,,,,,,,,
175,49579,,,,,0.05172960087656975,,,,,,,,,,,
175,49589,,,,,0.05480591207742691,,,,,,,,,,,
175,49599,,,,,0.05400819703936577,,,,,,,,,,,
175,49609,,,,,0.054713841527700424,,,,,,,,,,,
175,49619,,,,,0.05547394976019859,,,,,,,,,,,
175,49629,,,,,0.057037223130464554,,,,,,,,,,,
175,49639,,,,,0.05725250765681267,,,,,,,,,,,
175,49649,,,,,0.05380621924996376,,,,,,,,,,,
175,49659,,,,,0.06155962869524956,,,,,,,,,,,
175,49669,,,,,0.06116965785622597,,,,,,,,,,,
175,49679,,,,,0.0564303882420063,,,,,,,,,,,
175,49689,,,,,0.055489432066679,,,,,,,,,,,
175,49699,,,,,0.05567377805709839,,,,,,,,,,,
175,49709,,,,,0.056356869637966156,,,,,,,,,,,
175,49719,,,,,0.0588885061442852,,,,,,,,,,,
175,49729,,,,,0.05490223690867424,,,,,,,,,,,
175,49739,,,,,0.05654380843043327,,,,,,,,,,,
175,49749,,,,,0.05599317327141762,,,,,,,,,,,
175,49759,,,,,0.057270023971796036,,,,,,,,,,,
175,49769,,,,,0.05706176161766052,,,,,,,,,,,
175,49779,,,,,0.055573470890522,,,,,,,,,,,
175,49789,,,,,0.05397620052099228,,,,,,,,,,,
175,49799,,,,,0.057219818234443665,,,,,,,,,,,
175,175,0.012845482074953948,44.27450019179773,,,,,,,,,,,,,,
175,49807,,,,,,0.0571698360145092,,,,,,,,,,
176,49809,,,,,0.05524718016386032,,,,,,,,,,,
176,49819,,,,,0.0568912997841835,,,,,,,,,,,
176,49829,,,,,0.05476055666804314,,,,,,,,,,,
176,49839,,,,,0.05958922579884529,,,,,,,,,,,
176,49849,,,,,0.06082174554467201,,,,,,,,,,,
176,49859,,,,,0.05470278114080429,,,,,,,,,,,
176,49869,,,,,0.0548609234392643,,,,,,,,,,,
176,49879,,,,,0.051692526787519455,,,,,,,,,,,
176,49889,,,,,0.0603189691901207,,,,,,,,,,,
176,49899,,,,,0.05712847039103508,,,,,,,,,,,
176,49909,,,,,0.05952361971139908,,,,,,,,,,,
176,49919,,,,,0.057762011885643005,,,,,,,,,,,
176,49929,,,,,0.05535775050520897,,,,,,,,,,,
176,49939,,,,,0.05486035719513893,,,,,,,,,,,
176,49949,,,,,0.05752177536487579,,,,,,,,,,,
176,49959,,,,,0.05623100325465202,,,,,,,,,,,
176,49969,,,,,0.05742419883608818,,,,,,,,,,,
176,49979,,,,,0.05007370933890343,,,,,,,,,,,
176,49989,,,,,0.05554400384426117,,,,,,,,,,,
176,49999,,,,,0.059005796909332275,,,,,,,,,,,
176,50009,,,,,0.05569370463490486,,,,,,,,,,,
176,50019,,,,,0.056125298142433167,,,,,,,,,,,
176,50029,,,,,0.05875322222709656,,,,,,,,,,,
176,50039,,,,,0.05207136645913124,,,,,,,,,,,
176,50049,,,,,0.05560034513473511,,,,,,,,,,,
176,50059,,,,,0.05633828043937683,,,,,,,,,,,
176,50069,,,,,0.054710421711206436,,,,,,,,,,,
176,50079,,,,,0.06341715902090073,,,,,,,,,,,
176,50089,,,,,0.05545097962021828,,,,,,,,,,,
176,176,0.011915435309293943,44.25582518452992,,,,,,,,,,,,,,
176,50090,,,,,,0.0571468211710453,,,,,,,,,,
177,50099,,,,,0.05347348004579544,,,,,,,,,,,
177,50109,,,,,0.056700680404901505,,,,,,,,,,,
177,50119,,,,,0.05522800609469414,,,,,,,,,,,
177,50129,,,,,0.05970354378223419,,,,,,,,,,,
177,50139,,,,,0.05564744770526886,,,,,,,,,,,
177,50149,,,,,0.05547674372792244,,,,,,,,,,,
177,50159,,,,,0.05554020404815674,,,,,,,,,,,
177,50169,,,,,0.05821552127599716,,,,,,,,,,,
177,50179,,,,,0.05600879341363907,,,,,,,,,,,
177,50189,,,,,0.0545315183699131,,,,,,,,,,,
177,50199,,,,,0.05726773664355278,,,,,,,,,,,
177,50209,,,,,0.05747077614068985,,,,,,,,,,,
177,50219,,,,,0.05851617455482483,,,,,,,,,,,
177,50229,,,,,0.05498327314853668,,,,,,,,,,,
177,50239,,,,,0.056420810520648956,,,,,,,,,,,
177,50249,,,,,0.06121380627155304,,,,,,,,,,,
177,50259,,,,,0.05971292406320572,,,,,,,,,,,
177,50269,,,,,0.056177109479904175,,,,,,,,,,,
177,50279,,,,,0.05656367167830467,,,,,,,,,,,
177,50289,,,,,0.05465374514460564,,,,,,,,,,,
177,50299,,,,,0.05691548436880112,,,,,,,,,,,
177,50309,,,,,0.05647822096943855,,,,,,,,,,,
177,50319,,,,,0.05540769547224045,,,,,,,,,,,
177,50329,,,,,0.056407928466796875,,,,,,,,,,,
177,50339,,,,,0.057262491434812546,,,,,,,,,,,
177,50349,,,,,0.05361751466989517,,,,,,,,,,,
177,50359,,,,,0.05564315617084503,,,,,,,,,,,
177,50369,,,,,0.057856686413288116,,,,,,,,,,,
177,177,0.011798416019416606,44.17353562151207,,,,,,,,,,,,,,
177,50373,,,,,,0.05715254694223404,,,,,,,,,,
178,50379,,,,,0.05674431100487709,,,,,,,,,,,
178,50389,,,,,0.05278463661670685,,,,,,,,,,,
178,50399,,,,,0.057670336216688156,,,,,,,,,,,
178,50409,,,,,0.0545024536550045,,,,,,,,,,,
178,50419,,,,,0.05978569760918617,,,,,,,,,,,
178,50429,,,,,0.05613947659730911,,,,,,,,,,,
178,50439,,,,,0.059323083609342575,,,,,,,,,,,
178,50449,,,,,0.058502037078142166,,,,,,,,,,,
178,50459,,,,,0.05871260166168213,,,,,,,,,,,
178,50469,,,,,0.05720549821853638,,,,,,,,,,,
178,50479,,,,,0.05658367648720741,,,,,,,,,,,
178,50489,,,,,0.05698953568935394,,,,,,,,,,,
178,50499,,,,,0.058640800416469574,,,,,,,,,,,
178,50509,,,,,0.06245070695877075,,,,,,,,,,,
178,50519,,,,,0.05648215115070343,,,,,,,,,,,
178,50529,,,,,0.05765899643301964,,,,,,,,,,,
178,50539,,,,,0.05735918506979942,,,,,,,,,,,
178,50549,,,,,0.05665065348148346,,,,,,,,,,,
178,50559,,,,,0.05751209706068039,,,,,,,,,,,
178,50569,,,,,0.05953338369727135,,,,,,,,,,,
178,50579,,,,,0.06013310328125954,,,,,,,,,,,
178,50589,,,,,0.056288085877895355,,,,,,,,,,,
178,50599,,,,,0.058789316564798355,,,,,,,,,,,
178,50609,,,,,0.05694710463285446,,,,,,,,,,,
178,50619,,,,,0.057960156351327896,,,,,,,,,,,
178,50629,,,,,0.05645306780934334,,,,,,,,,,,
178,50639,,,,,0.05750662833452225,,,,,,,,,,,
178,50649,,,,,0.060544345527887344,,,,,,,,,,,
178,178,0.012007685858103872,44.08250183751869,,,,,,,,,,,,,,
178,50656,,,,,,0.0571582056581974,,,,,,,,,,
179,50659,,,,,0.05402464419603348,,,,,,,,,,,
179,50669,,,,,0.060904502868652344,,,,,,,,,,,
179,50679,,,,,0.06073790043592453,,,,,,,,,,,
179,50689,,,,,0.05604983866214752,,,,,,,,,,,
179,50699,,,,,0.051403019577264786,,,,,,,,,,,
179,50709,,,,,0.053181469440460205,,,,,,,,,,,
179,50719,,,,,0.05689653754234314,,,,,,,,,,,
179,50729,,,,,0.061239566653966904,,,,,,,,,,,
179,50739,,,,,0.05839633196592331,,,,,,,,,,,
179,50749,,,,,0.05563114956021309,,,,,,,,,,,
179,50759,,,,,0.059092503041028976,,,,,,,,,,,
179,50769,,,,,0.057352811098098755,,,,,,,,,,,
179,50779,,,,,0.058343127369880676,,,,,,,,,,,
179,50789,,,,,0.055337101221084595,,,,,,,,,,,
179,50799,,,,,0.0579267181456089,,,,,,,,,,,
179,50809,,,,,0.05476033687591553,,,,,,,,,,,
179,50819,,,,,0.06025414168834686,,,,,,,,,,,
179,50829,,,,,0.05423983186483383,,,,,,,,,,,
179,50839,,,,,0.05586078390479088,,,,,,,,,,,
179,50849,,,,,0.05824146419763565,,,,,,,,,,,
179,50859,,,,,0.05504223331809044,,,,,,,,,,,
179,50869,,,,,0.05803752318024635,,,,,,,,,,,
179,50879,,,,,0.055272165685892105,,,,,,,,,,,
179,50889,,,,,0.05423285812139511,,,,,,,,,,,
179,50899,,,,,0.05882631614804268,,,,,,,,,,,
179,50909,,,,,0.058177463710308075,,,,,,,,,,,
179,50919,,,,,0.060146551579236984,,,,,,,,,,,
179,50929,,,,,0.05918323993682861,,,,,,,,,,,
179,50939,,,,,0.061336223036050797,,,,,,,,,,,
179,179,,,0.5001220107078552,0.0,,,0.0569733143787406,0.0141512556001544,,0.49570104479789734,,0.0,,0.05737178516574204,,0.014460583217442036
179,50939,,,,,,,,,0.49570104479789734,,0.0,,0.057371772825717926,,0.014460583217442036,
179,179,0.011306275680809368,44.00619597388031,,,,,,,,,,,,,,
179,50939,,,,,,0.057141806930303574,,,,,,,,,,
180,50949,,,,,0.056206803768873215,,,,,,,,,,,
180,50959,,,,,0.052512142807245255,,,,,,,,,,,
180,50969,,,,,0.05866262689232826,,,,,,,,,,,
180,50979,,,,,0.05566754192113876,,,,,,,,,,,
180,50989,,,,,0.05855216458439827,,,,,,,,,,,
180,50999,,,,,0.0551467090845108,,,,,,,,,,,
180,51009,,,,,0.05806456133723259,,,,,,,,,,,
180,51019,,,,,0.06015239655971527,,,,,,,,,,,
180,51029,,,,,0.05689547583460808,,,,,,,,,,,
180,51039,,,,,0.05684398114681244,,,,,,,,,,,
180,51049,,,,,0.062292393296957016,,,,,,,,,,,
180,51059,,,,,0.05775785446166992,,,,,,,,,,,
180,51069,,,,,0.059116825461387634,,,,,,,,,,,
180,51079,,,,,0.057486340403556824,,,,,,,,,,,
180,51089,,,,,0.05983072519302368,,,,,,,,,,,
180,51099,,,,,0.05467870831489563,,,,,,,,,,,
180,51109,,,,,0.053284190595149994,,,,,,,,,,,
180,51119,,,,,0.0548434853553772,,,,,,,,,,,
180,51129,,,,,0.056430041790008545,,,,,,,,,,,
180,51139,,,,,0.05256984755396843,,,,,,,,,,,
180,51149,,,,,0.05302642658352852,,,,,,,,,,,
180,51159,,,,,0.05880812183022499,,,,,,,,,,,
180,51169,,,,,0.05489599332213402,,,,,,,,,,,
180,51179,,,,,0.05602042004466057,,,,,,,,,,,
180,51189,,,,,0.05624762549996376,,,,,,,,,,,
180,51199,,,,,0.058298900723457336,,,,,,,,,,,
180,51209,,,,,0.05606097728013992,,,,,,,,,,,
180,51219,,,,,0.055426981300115585,,,,,,,,,,,
180,180,0.011556574631652109,43.91638642083902,,,,,,,,,,,,,,
180,51222,,,,,,0.0571463443338871,,,,,,,,,,
181,51229,,,,,0.05656090006232262,,,,,,,,,,,
181,51239,,,,,0.0560009628534317,,,,,,,,,,,
181,51249,,,,,0.05818888917565346,,,,,,,,,,,
181,51259,,,,,0.05825570598244667,,,,,,,,,,,
181,51269,,,,,0.05292307585477829,,,,,,,,,,,
181,51279,,,,,0.05907585471868515,,,,,,,,,,,
181,51289,,,,,0.05392395332455635,,,,,,,,,,,
181,51299,,,,,0.058169107884168625,,,,,,,,,,,
181,51309,,,,,0.05620163306593895,,,,,,,,,,,
181,51319,,,,,0.05651296302676201,,,,,,,,,,,
181,51329,,,,,0.06087140366435051,,,,,,,,,,,
181,51339,,,,,0.058342088013887405,,,,,,,,,,,
181,51349,,,,,0.060965221375226974,,,,,,,,,,,
181,51359,,,,,0.05728525295853615,,,,,,,,,,,
181,51369,,,,,0.05953626707196236,,,,,,,,,,,
181,51379,,,,,0.05885610356926918,,,,,,,,,,,
181,51389,,,,,0.05468740686774254,,,,,,,,,,,
181,51399,,,,,0.058199670165777206,,,,,,,,,,,
181,51409,,,,,0.06029335781931877,,,,,,,,,,,
181,51419,,,,,0.056961484253406525,,,,,,,,,,,
181,51429,,,,,0.05538489669561386,,,,,,,,,,,
181,51439,,,,,0.057462070137262344,,,,,,,,,,,
181,51449,,,,,0.058543041348457336,,,,,,,,,,,
181,51459,,,,,0.055394213646650314,,,,,,,,,,,
181,51469,,,,,0.05339289456605911,,,,,,,,,,,
181,51479,,,,,0.0580865778028965,,,,,,,,,,,
181,51489,,,,,0.05680634453892708,,,,,,,,,,,
181,51499,,,,,0.057770248502492905,,,,,,,,,,,
181,181,0.011399382865073797,43.802274284336235,,,,,,,,,,,,,,
181,51505,,,,,,0.05714908242225647,,,,,,,,,,
182,51509,,,,,0.055246751755476,,,,,,,,,,,
182,51519,,,,,0.05694730207324028,,,,,,,,,,,
182,51529,,,,,0.058948177844285965,,,,,,,,,,,
182,51539,,,,,0.0567595437169075,,,,,,,,,,,
182,51549,,,,,0.05518590658903122,,,,,,,,,,,
182,51559,,,,,0.05444708839058876,,,,,,,,,,,
182,51569,,,,,0.05939016118645668,,,,,,,,,,,
182,51579,,,,,0.061217788606882095,,,,,,,,,,,
182,51589,,,,,0.05797175318002701,,,,,,,,,,,
182,51599,,,,,0.058427002280950546,,,,,,,,,,,
182,51609,,,,,0.05883032828569412,,,,,,,,,,,
182,51619,,,,,0.05396528169512749,,,,,,,,,,,
182,51629,,,,,0.054558832198381424,,,,,,,,,,,
182,51639,,,,,0.05476655066013336,,,,,,,,,,,
182,51649,,,,,0.05414976552128792,,,,,,,,,,,
182,51659,,,,,0.05429966747760773,,,,,,,,,,,
182,51669,,,,,0.057791758328676224,,,,,,,,,,,
182,51679,,,,,0.05615682154893875,,,,,,,,,,,
182,51689,,,,,0.05801430344581604,,,,,,,,,,,
182,51699,,,,,0.056607116013765335,,,,,,,,,,,
182,51709,,,,,0.05521572008728981,,,,,,,,,,,
182,51719,,,,,0.05582110583782196,,,,,,,,,,,
182,51729,,,,,0.05484091117978096,,,,,,,,,,,
182,51739,,,,,0.057153042405843735,,,,,,,,,,,
182,51749,,,,,0.05909207463264465,,,,,,,,,,,
182,51759,,,,,0.05615288019180298,,,,,,,,,,,
182,51769,,,,,0.05586690455675125,,,,,,,,,,,
182,51779,,,,,0.05237052962183952,,,,,,,,,,,
182,182,0.011462743060198856,43.694389636635385,,,,,,,,,,,,,,
182,51788,,,,,,0.05715722590684891,,,,,,,,,,
183,51789,,,,,0.05548393353819847,,,,,,,,,,,
183,51799,,,,,0.05704924836754799,,,,,,,,,,,
183,51809,,,,,0.05966312810778618,,,,,,,,,,,
183,51819,,,,,0.05797049403190613,,,,,,,,,,,
183,51829,,,,,0.05748923122882843,,,,,,,,,,,
183,51839,,,,,0.05607074871659279,,,,,,,,,,,
183,51849,,,,,0.05063273012638092,,,,,,,,,,,
183,51859,,,,,0.059336788952350616,,,,,,,,,,,
183,51869,,,,,0.05694738030433655,,,,,,,,,,,
183,51879,,,,,0.05777619034051895,,,,,,,,,,,
183,51889,,,,,0.06020612642168999,,,,,,,,,,,
183,51899,,,,,0.05789361894130707,,,,,,,,,,,
183,51909,,,,,0.05776990205049515,,,,,,,,,,,
183,51919,,,,,0.05425100028514862,,,,,,,,,,,
183,51929,,,,,0.05875275656580925,,,,,,,,,,,
183,51939,,,,,0.06003796309232712,,,,,,,,,,,
183,51949,,,,,0.06390024721622467,,,,,,,,,,,
183,51959,,,,,0.05614010989665985,,,,,,,,,,,
183,51969,,,,,0.05688023567199707,,,,,,,,,,,
183,51979,,,,,0.05761685594916344,,,,,,,,,,,
183,51989,,,,,0.05631120502948761,,,,,,,,,,,
183,51999,,,,,0.05668003857135773,,,,,,,,,,,
183,52009,,,,,0.060993701219558716,,,,,,,,,,,
183,52019,,,,,0.05926467105746269,,,,,,,,,,,
183,52029,,,,,0.05608874186873436,,,,,,,,,,,
183,52039,,,,,0.055832214653491974,,,,,,,,,,,
183,52049,,,,,0.05538920313119888,,,,,,,,,,,
183,52059,,,,,0.05675174295902252,,,,,,,,,,,
183,52069,,,,,0.0584365576505661,,,,,,,,,,,
183,183,0.011497691184538474,43.630789088137604,,,,,,,,,,,,,,
183,52071,,,,,,0.05714360252022743,,,,,,,,,,
184,52079,,,,,0.05586744099855423,,,,,,,,,,,
184,52089,,,,,0.05599849671125412,,,,,,,,,,,
184,52099,,,,,0.059365563094615936,,,,,,,,,,,
184,52109,,,,,0.0554208979010582,,,,,,,,,,,
184,52119,,,,,0.05726560577750206,,,,,,,,,,,
184,52129,,,,,0.0569692961871624,,,,,,,,,,,
184,52139,,,,,0.058102574199438095,,,,,,,,,,,
184,52149,,,,,0.05799730122089386,,,,,,,,,,,
184,52159,,,,,0.057733044028282166,,,,,,,,,,,
184,52169,,,,,0.05808190628886223,,,,,,,,,,,
184,52179,,,,,0.053337130695581436,,,,,,,,,,,
184,52189,,,,,0.05707141011953354,,,,,,,,,,,
184,52199,,,,,0.056562237441539764,,,,,,,,,,,
184,52209,,,,,0.057441696524620056,,,,,,,,,,,
184,52219,,,,,0.05096115916967392,,,,,,,,,,,
184,52229,,,,,0.058227065950632095,,,,,,,,,,,
184,52239,,,,,0.05596143752336502,,,,,,,,,,,
184,52249,,,,,0.059533581137657166,,,,,,,,,,,
184,52259,,,,,0.05756661295890808,,,,,,,,,,,
184,52269,,,,,0.05702842399477959,,,,,,,,,,,
184,52279,,,,,0.055605698376894,,,,,,,,,,,
184,52289,,,,,0.05608150362968445,,,,,,,,,,,
184,52299,,,,,0.05661559849977493,,,,,,,,,,,
184,52309,,,,,0.055309850722551346,,,,,,,,,,,
184,52319,,,,,0.057011980563402176,,,,,,,,,,,
184,52329,,,,,0.055273350328207016,,,,,,,,,,,
184,52339,,,,,0.05505496636033058,,,,,,,,,,,
184,52349,,,,,0.05639433488249779,,,,,,,,,,,
184,184,0.01190228528101285,43.55379438827469,,,,,,,,,,,,,,
184,52354,,,,,,0.05714753642678261,,,,,,,,,,
185,52359,,,,,0.06008290871977806,,,,,,,,,,,
185,52369,,,,,0.05681159347295761,,,,,,,,,,,
185,52379,,,,,0.05794069170951843,,,,,,,,,,,
185,52389,,,,,0.05259030684828758,,,,,,,,,,,
185,52399,,,,,0.056900504976511,,,,,,,,,,,
185,52409,,,,,0.05762740224599838,,,,,,,,,,,
185,52419,,,,,0.05933264642953873,,,,,,,,,,,
185,52429,,,,,0.053154751658439636,,,,,,,,,,,
185,52439,,,,,0.061926767230033875,,,,,,,,,,,
185,52449,,,,,0.058660075068473816,,,,,,,,,,,
185,52459,,,,,0.0628163293004036,,,,,,,,,,,
185,52469,,,,,0.05887209251523018,,,,,,,,,,,
185,52479,,,,,0.05747595801949501,,,,,,,,,,,
185,52489,,,,,0.055418554693460464,,,,,,,,,,,
185,52499,,,,,0.0593845397233963,,,,,,,,,,,
185,52509,,,,,0.05879250168800354,,,,,,,,,,,
185,52519,,,,,0.05378188192844391,,,,,,,,,,,
185,52529,,,,,0.056437719613313675,,,,,,,,,,,
185,52539,,,,,0.0547475628554821,,,,,,,,,,,
185,52549,,,,,0.05980745702981949,,,,,,,,,,,
185,52559,,,,,0.056153763085603714,,,,,,,,,,,
185,52569,,,,,0.05365167185664177,,,,,,,,,,,
185,52579,,,,,0.051845286041498184,,,,,,,,,,,
185,52589,,,,,0.05240926519036293,,,,,,,,,,,
185,52599,,,,,0.06220198795199394,,,,,,,,,,,
185,52609,,,,,0.053889524191617966,,,,,,,,,,,
185,52619,,,,,0.0575680173933506,,,,,,,,,,,
185,52629,,,,,0.05443235859274864,,,,,,,,,,,
185,185,0.01150990923836438,43.4630548413302,,,,,,,,,,,,,,
185,52637,,,,,,0.05716580152511597,,,,,,,,,,
186,52639,,,,,0.05728865787386894,,,,,,,,,,,
186,52649,,,,,0.058437854051589966,,,,,,,,,,,
186,52659,,,,,0.05732681602239609,,,,,,,,,,,
186,52669,,,,,0.05578608438372612,,,,,,,,,,,
186,52679,,,,,0.0534459687769413,,,,,,,,,,,
186,52689,,,,,0.05791286379098892,,,,,,,,,,,
186,52699,,,,,0.05904794856905937,,,,,,,,,,,
186,52709,,,,,0.0567486435174942,,,,,,,,,,,
186,52719,,,,,0.055063217878341675,,,,,,,,,,,
186,52729,,,,,0.057401254773139954,,,,,,,,,,,
186,52739,,,,,0.05728444084525108,,,,,,,,,,,
186,52749,,,,,0.05429970473051071,,,,,,,,,,,
186,52759,,,,,0.05774916708469391,,,,,,,,,,,
186,52769,,,,,0.05439501255750656,,,,,,,,,,,
186,52779,,,,,0.0582411102950573,,,,,,,,,,,
186,52789,,,,,0.05373537912964821,,,,,,,,,,,
186,52799,,,,,0.05906249210238457,,,,,,,,,,,
186,52809,,,,,0.05863172933459282,,,,,,,,,,,
186,52819,,,,,0.05751804634928703,,,,,,,,,,,
186,52829,,,,,0.057704441249370575,,,,,,,,,,,
186,52839,,,,,0.05364333838224411,,,,,,,,,,,
186,52849,,,,,0.06275691092014313,,,,,,,,,,,
186,52859,,,,,0.057368844747543335,,,,,,,,,,,
186,52869,,,,,0.055467639118433,,,,,,,,,,,
186,52879,,,,,0.05538453906774521,,,,,,,,,,,
186,52889,,,,,0.055758245289325714,,,,,,,,,,,
186,52899,,,,,0.06021634489297867,,,,,,,,,,,
186,52909,,,,,0.05747203156352043,,,,,,,,,,,
186,52919,,,,,0.06080341711640358,,,,,,,,,,,
186,186,0.011656596212070307,43.35706794342786,,,,,,,,,,,,,,
186,52920,,,,,,0.05714808404445648,,,,,,,,,,
187,52929,,,,,0.057719096541404724,,,,,,,,,,,
187,52939,,,,,0.06021801754832268,,,,,,,,,,,
187,52949,,,,,0.05907352268695831,,,,,,,,,,,
187,52959,,,,,0.05667634680867195,,,,,,,,,,,
187,52969,,,,,0.05657617002725601,,,,,,,,,,,
187,52979,,,,,0.05796818807721138,,,,,,,,,,,
187,52989,,,,,0.05609684810042381,,,,,,,,,,,
187,52999,,,,,0.05754965543746948,,,,,,,,,,,
187,53009,,,,,0.05974329635500908,,,,,,,,,,,
187,53019,,,,,0.05579937621951103,,,,,,,,,,,
187,53029,,,,,0.055923327803611755,,,,,,,,,,,
187,53039,,,,,0.05587874725461006,,,,,,,,,,,
187,53049,,,,,0.057608749717473984,,,,,,,,,,,
187,53059,,,,,0.05787919834256172,,,,,,,,,,,
187,53069,,,,,0.05437910184264183,,,,,,,,,,,
187,53079,,,,,0.055631499737501144,,,,,,,,,,,
187,53089,,,,,0.055403489619493484,,,,,,,,,,,
187,53099,,,,,0.05566086247563362,,,,,,,,,,,
187,53109,,,,,0.060818735510110855,,,,,,,,,,,
187,53119,,,,,0.05930120870471001,,,,,,,,,,,
187,53129,,,,,0.05677025020122528,,,,,,,,,,,
187,53139,,,,,0.05585833638906479,,,,,,,,,,,
187,53149,,,,,0.05968039482831955,,,,,,,,,,,
187,53159,,,,,0.055879849940538406,,,,,,,,,,,
187,53169,,,,,0.056814733892679214,,,,,,,,,,,
187,53179,,,,,0.05962464585900307,,,,,,,,,,,
187,53189,,,,,0.06013179197907448,,,,,,,,,,,
187,53199,,,,,0.054827623069286346,,,,,,,,,,,
187,187,0.01161210851844199,43.25239408205391,,,,,,,,,,,,,,
187,53203,,,,,,0.05713667720556259,,,,,,,,,,
188,53209,,,,,0.05593596771359444,,,,,,,,,,,
188,53219,,,,,0.05635323375463486,,,,,,,,,,,
188,53229,,,,,0.05747562646865845,,,,,,,,,,,
188,53239,,,,,0.0580771341919899,,,,,,,,,,,
188,53249,,,,,0.05726141110062599,,,,,,,,,,,
188,53259,,,,,0.06169089674949646,,,,,,,,,,,
188,53269,,,,,0.058283690363168716,,,,,,,,,,,
188,53279,,,,,0.05762976035475731,,,,,,,,,,,
188,53289,,,,,0.05490308627486229,,,,,,,,,,,
188,53299,,,,,0.05558774247765541,,,,,,,,,,,
188,53309,,,,,0.05447359383106232,,,,,,,,,,,
188,53319,,,,,0.059186503291130066,,,,,,,,,,,
188,53329,,,,,0.06003185734152794,,,,,,,,,,,
188,53339,,,,,0.05801297351717949,,,,,,,,,,,
188,53349,,,,,0.057503342628479004,,,,,,,,,,,
188,53359,,,,,0.05395468696951866,,,,,,,,,,,
188,53369,,,,,0.053446847945451736,,,,,,,,,,,
188,53379,,,,,0.057028863579034805,,,,,,,,,,,
188,53389,,,,,0.056533560156822205,,,,,,,,,,,
188,53399,,,,,0.058435410261154175,,,,,,,,,,,
188,53409,,,,,0.06015029177069664,,,,,,,,,,,
188,53419,,,,,0.05373702198266983,,,,,,,,,,,
188,53429,,,,,0.05686761438846588,,,,,,,,,,,
188,53439,,,,,0.056155670434236526,,,,,,,,,,,
188,53449,,,,,0.05597856268286705,,,,,,,,,,,
188,53459,,,,,0.05691768601536751,,,,,,,,,,,
188,53469,,,,,0.0581028051674366,,,,,,,,,,,
188,53479,,,,,0.05705396458506584,,,,,,,,,,,
188,188,0.009792004529310951,43.14284853618488,,,,,,,,,,,,,,
188,53486,,,,,,0.05714257061481476,,,,,,,,,,
189,53489,,,,,0.059099938720464706,,,,,,,,,,,
189,53499,,,,,0.05904481187462807,,,,,,,,,,,
189,53509,,,,,0.05336606130003929,,,,,,,,,,,
189,53519,,,,,0.05689091607928276,,,,,,,,,,,
189,53529,,,,,0.059768907725811005,,,,,,,,,,,
189,53539,,,,,0.05708398297429085,,,,,,,,,,,
189,53549,,,,,0.056810278445482254,,,,,,,,,,,
189,53559,,,,,0.05952862277626991,,,,,,,,,,,
189,53569,,,,,0.059680599719285965,,,,,,,,,,,
189,53579,,,,,0.05234796181321144,,,,,,,,,,,
189,53589,,,,,0.057277780026197433,,,,,,,,,,,
189,53599,,,,,0.053911980241537094,,,,,,,,,,,
189,53609,,,,,0.05469236895442009,,,,,,,,,,,
189,53619,,,,,0.05433466657996178,,,,,,,,,,,
189,53629,,,,,0.060191623866558075,,,,,,,,,,,
189,53639,,,,,0.056610263884067535,,,,,,,,,,,
189,53649,,,,,0.061270006000995636,,,,,,,,,,,
189,53659,,,,,0.0568867065012455,,,,,,,,,,,
189,53669,,,,,0.058871109038591385,,,,,,,,,,,
189,53679,,,,,0.055192794650793076,,,,,,,,,,,
189,53689,,,,,0.05879342928528786,,,,,,,,,,,
189,53699,,,,,0.05822763592004776,,,,,,,,,,,
189,53709,,,,,0.06017860397696495,,,,,,,,,,,
189,53719,,,,,0.055143486708402634,,,,,,,,,,,
189,53729,,,,,0.05622255802154541,,,,,,,,,,,
189,53739,,,,,0.054310303181409836,,,,,,,,,,,
189,53749,,,,,0.0576443113386631,,,,,,,,,,,
189,53759,,,,,0.05821089819073677,,,,,,,,,,,
189,53769,,,,,0.05501149594783783,,,,,,,,,,,
189,189,,,0.5000776052474976,0.0,,,0.05692939210516776,0.014156360179185867,,0.4931587874889374,,0.0,,0.057309663027753026,,0.014454498887062073
189,53769,,,,,,,,,0.4931587874889374,,0.0,,0.05730966478586197,,0.014454498887062073,
189,189,0.010819865812810052,43.10169169329876,,,,,,,,,,,,,,
189,53769,,,,,,0.057138048112392426,,,,,,,,,,
190,53779,,,,,0.061783891171216965,,,,,,,,,,,
190,53789,,,,,0.05778590589761734,,,,,,,,,,,
190,53799,,,,,0.057596202939748764,,,,,,,,,,,
190,53809,,,,,0.06103990226984024,,,,,,,,,,,
190,53819,,,,,0.05909888073801994,,,,,,,,,,,
190,53829,,,,,0.05821474641561508,,,,,,,,,,,
190,53839,,,,,0.05941874906420708,,,,,,,,,,,
190,53849,,,,,0.05710984393954277,,,,,,,,,,,
190,53859,,,,,0.057830896228551865,,,,,,,,,,,
190,53869,,,,,0.05607997253537178,,,,,,,,,,,
190,53879,,,,,0.05513400584459305,,,,,,,,,,,
190,53889,,,,,0.05825972184538841,,,,,,,,,,,
190,53899,,,,,0.056562621146440506,,,,,,,,,,,
190,53909,,,,,0.05763387307524681,,,,,,,,,,,
190,53919,,,,,0.0586085319519043,,,,,,,,,,,
190,53929,,,,,0.058932457119226456,,,,,,,,,,,
190,53939,,,,,0.058129794895648956,,,,,,,,,,,
190,53949,,,,,0.054509006440639496,,,,,,,,,,,
190,53959,,,,,0.0557231679558754,,,,,,,,,,,
190,53969,,,,,0.05627204477787018,,,,,,,,,,,
190,53979,,,,,0.058037206530570984,,,,,,,,,,,
190,53989,,,,,0.058301810175180435,,,,,,,,,,,
190,53999,,,,,0.05779661610722542,,,,,,,,,,,
190,54009,,,,,0.05505063384771347,,,,,,,,,,,
190,54019,,,,,0.06045643240213394,,,,,,,,,,,
190,54029,,,,,0.05773777887225151,,,,,,,,,,,
190,54039,,,,,0.06165621057152748,,,,,,,,,,,
190,54049,,,,,0.056565698236227036,,,,,,,,,,,
190,190,0.009818406324569694,43.027532139131885,,,,,,,,,,,,,,
190,54052,,,,,,0.05716191232204437,,,,,,,,,,
191,54059,,,,,0.05741652101278305,,,,,,,,,,,
191,54069,,,,,0.055132683366537094,,,,,,,,,,,
191,54079,,,,,0.055214401334524155,,,,,,,,,,,
191,54089,,,,,0.06079943850636482,,,,,,,,,,,
191,54099,,,,,0.05619910731911659,,,,,,,,,,,
191,54109,,,,,0.057301927357912064,,,,,,,,,,,
191,54119,,,,,0.05399167165160179,,,,,,,,,,,
191,54129,,,,,0.05653795599937439,,,,,,,,,,,
191,54139,,,,,0.05628364160656929,,,,,,,,,,,
191,54149,,,,,0.057151615619659424,,,,,,,,,,,
191,54159,,,,,0.0542418546974659,,,,,,,,,,,
191,54169,,,,,0.05447119101881981,,,,,,,,,,,
191,54179,,,,,0.05935928225517273,,,,,,,,,,,
191,54189,,,,,0.05714165046811104,,,,,,,,,,,
191,54199,,,,,0.059134598821401596,,,,,,,,,,,
191,54209,,,,,0.051650188863277435,,,,,,,,,,,
191,54219,,,,,0.05676185339689255,,,,,,,,,,,
191,54229,,,,,0.056553106755018234,,,,,,,,,,,
191,54239,,,,,0.060528770089149475,,,,,,,,,,,
191,54249,,,,,0.05266088619828224,,,,,,,,,,,
191,54259,,,,,0.05423429608345032,,,,,,,,,,,
191,54269,,,,,0.05651126056909561,,,,,,,,,,,
191,54279,,,,,0.05787678807973862,,,,,,,,,,,
191,54289,,,,,0.05503422021865845,,,,,,,,,,,
191,54299,,,,,0.0554015077650547,,,,,,,,,,,
191,54309,,,,,0.05756702646613121,,,,,,,,,,,
191,54319,,,,,0.0572955422103405,,,,,,,,,,,
191,54329,,,,,0.05784838646650314,,,,,,,,,,,
191,191,0.01016551505219432,42.943980477643144,,,,,,,,,,,,,,
191,54335,,,,,,0.05714740231633186,,,,,,,,,,
192,54339,,,,,0.05580984428524971,,,,,,,,,,,
192,54349,,,,,0.05920957401394844,,,,,,,,,,,
192,54359,,,,,0.05454352870583534,,,,,,,,,,,
192,54369,,,,,0.0603368803858757,,,,,,,,,,,
192,54379,,,,,0.058494944125413895,,,,,,,,,,,
192,54389,,,,,0.05863942578434944,,,,,,,,,,,
192,54399,,,,,0.056311264634132385,,,,,,,,,,,
192,54409,,,,,0.05910331755876541,,,,,,,,,,,
192,54419,,,,,0.05914942920207977,,,,,,,,,,,
192,54429,,,,,0.056266024708747864,,,,,,,,,,,
192,54439,,,,,0.05557231232523918,,,,,,,,,,,
192,54449,,,,,0.057299546897411346,,,,,,,,,,,
192,54459,,,,,0.05474959686398506,,,,,,,,,,,
192,54469,,,,,0.05927354469895363,,,,,,,,,,,
192,54479,,,,,0.05822160467505455,,,,,,,,,,,
192,54489,,,,,0.05653824284672737,,,,,,,,,,,
192,54499,,,,,0.05642807483673096,,,,,,,,,,,
192,54509,,,,,0.05857209488749504,,,,,,,,,,,
192,54519,,,,,0.05723782628774643,,,,,,,,,,,
192,54529,,,,,0.0597836971282959,,,,,,,,,,,
192,54539,,,,,0.05564853921532631,,,,,,,,,,,
192,54549,,,,,0.05668206512928009,,,,,,,,,,,
192,54559,,,,,0.058232858777046204,,,,,,,,,,,
192,54569,,,,,0.057569872587919235,,,,,,,,,,,
192,54579,,,,,0.05679437145590782,,,,,,,,,,,
192,54589,,,,,0.05505860596895218,,,,,,,,,,,
192,54599,,,,,0.05600432679057121,,,,,,,,,,,
192,54609,,,,,0.05489501729607582,,,,,,,,,,,
192,192,0.011473256835619837,42.85297610834592,,,,,,,,,,,,,,
192,54618,,,,,,0.05713653564453125,,,,,,,,,,
193,54619,,,,,0.06037561967968941,,,,,,,,,,,
193,54629,,,,,0.05910408869385719,,,,,,,,,,,
193,54639,,,,,0.059920623898506165,,,,,,,,,,,
193,54649,,,,,0.058239176869392395,,,,,,,,,,,
193,54659,,,,,0.059039440006017685,,,,,,,,,,,
193,54669,,,,,0.05826355889439583,,,,,,,,,,,
193,54679,,,,,0.05880897119641304,,,,,,,,,,,
193,54689,,,,,0.05861171707510948,,,,,,,,,,,
193,54699,,,,,0.05696363374590874,,,,,,,,,,,
193,54709,,,,,0.05671926215291023,,,,,,,,,,,
193,54719,,,,,0.05610906705260277,,,,,,,,,,,
193,54729,,,,,0.05811210721731186,,,,,,,,,,,
193,54739,,,,,0.05629593878984451,,,,,,,,,,,
193,54749,,,,,0.06068255007266998,,,,,,,,,,,
193,54759,,,,,0.05550459399819374,,,,,,,,,,,
193,54769,,,,,0.05273462459445,,,,,,,,,,,
193,54779,,,,,0.0593852773308754,,,,,,,,,,,
193,54789,,,,,0.05436471849679947,,,,,,,,,,,
193,54799,,,,,0.058142468333244324,,,,,,,,,,,
193,54809,,,,,0.05726660043001175,,,,,,,,,,,
193,54819,,,,,0.061479661613702774,,,,,,,,,,,
193,54829,,,,,0.058446288108825684,,,,,,,,,,,
193,54839,,,,,0.05647248402237892,,,,,,,,,,,
193,54849,,,,,0.053258221596479416,,,,,,,,,,,
193,54859,,,,,0.05783163756132126,,,,,,,,,,,
193,54869,,,,,0.05495700612664223,,,,,,,,,,,
193,54879,,,,,0.05755642056465149,,,,,,,,,,,
193,54889,,,,,0.056674350053071976,,,,,,,,,,,
193,54899,,,,,0.05768810212612152,,,,,,,,,,,
193,193,0.010909812459873153,42.746243712734575,,,,,,,,,,,,,,
193,54901,,,,,,0.05711646005511284,,,,,,,,,,
194,54909,,,,,0.05873488634824753,,,,,,,,,,,
194,54919,,,,,0.05809909477829933,,,,,,,,,,,
194,54929,,,,,0.05962400883436203,,,,,,,,,,,
194,54939,,,,,0.05661928653717041,,,,,,,,,,,
194,54949,,,,,0.05363434925675392,,,,,,,,,,,
194,54959,,,,,0.05750742182135582,,,,,,,,,,,
194,54969,,,,,0.05281080678105354,,,,,,,,,,,
194,54979,,,,,0.057663317769765854,,,,,,,,,,,
194,54989,,,,,0.05745355039834976,,,,,,,,,,,
194,54999,,,,,0.06018032133579254,,,,,,,,,,,
194,55009,,,,,0.05761485546827316,,,,,,,,,,,
194,55019,,,,,0.05421416461467743,,,,,,,,,,,
194,55029,,,,,0.056614622473716736,,,,,,,,,,,
194,55039,,,,,0.05516305938363075,,,,,,,,,,,
194,55049,,,,,0.05744009092450142,,,,,,,,,,,
194,55059,,,,,0.0538974367082119,,,,,,,,,,,
194,55069,,,,,0.05550175532698631,,,,,,,,,,,
194,55079,,,,,0.05083102732896805,,,,,,,,,,,
194,55089,,,,,0.05496782809495926,,,,,,,,,,,
194,55099,,,,,0.05649606138467789,,,,,,,,,,,
194,55109,,,,,0.0574016235768795,,,,,,,,,,,
194,55119,,,,,0.05727367848157883,,,,,,,,,,,
194,55129,,,,,0.05812760442495346,,,,,,,,,,,
194,55139,,,,,0.05801941826939583,,,,,,,,,,,
194,55149,,,,,0.0574244000017643,,,,,,,,,,,
194,55159,,,,,0.05307774618268013,,,,,,,,,,,
194,55169,,,,,0.055424582213163376,,,,,,,,,,,
194,55179,,,,,0.05883293226361275,,,,,,,,,,,
194,194,0.010463182221199673,42.657296533155524,,,,,,,,,,,,,,
194,55184,,,,,,0.05713953450322151,,,,,,,,,,
195,55189,,,,,0.06168492138385773,,,,,,,,,,,
195,55199,,,,,0.05613398179411888,,,,,,,,,,,
195,55209,,,,,0.05408896505832672,,,,,,,,,,,
195,55219,,,,,0.05712570622563362,,,,,,,,,,,
195,55229,,,,,0.05737604945898056,,,,,,,,,,,
195,55239,,,,,0.05773415416479111,,,,,,,,,,,
195,55249,,,,,0.059718161821365356,,,,,,,,,,,
195,55259,,,,,0.062087833881378174,,,,,,,,,,,
195,55269,,,,,0.056841351091861725,,,,,,,,,,,
195,55279,,,,,0.05383668839931488,,,,,,,,,,,
195,55289,,,,,0.056617919355630875,,,,,,,,,,,
195,55299,,,,,0.05542657896876335,,,,,,,,,,,
195,55309,,,,,0.058432333171367645,,,,,,,,,,,
195,55319,,,,,0.05773088335990906,,,,,,,,,,,
195,55329,,,,,0.05473722517490387,,,,,,,,,,,
195,55339,,,,,0.06144368648529053,,,,,,,,,,,
195,55349,,,,,0.0533844418823719,,,,,,,,,,,
195,55359,,,,,0.05704972892999649,,,,,,,,,,,
195,55369,,,,,0.05748571455478668,,,,,,,,,,,
195,55379,,,,,0.05591954290866852,,,,,,,,,,,
195,55389,,,,,0.05214807018637657,,,,,,,,,,,
195,55399,,,,,0.05333058908581734,,,,,,,,,,,
195,55409,,,,,0.05531328171491623,,,,,,,,,,,
195,55419,,,,,0.053964219987392426,,,,,,,,,,,
195,55429,,,,,0.062297482043504715,,,,,,,,,,,
195,55439,,,,,0.05564846843481064,,,,,,,,,,,
195,55449,,,,,0.055869076400995255,,,,,,,,,,,
195,55459,,,,,0.05434636026620865,,,,,,,,,,,
195,195,0.009536682479773809,42.55091902604991,,,,,,,,,,,,,,
195,55467,,,,,,0.05709823593497276,,,,,,,,,,
196,55469,,,,,0.05796067416667938,,,,,,,,,,,
196,55479,,,,,0.05194739252328873,,,,,,,,,,,
196,55489,,,,,0.05396350100636482,,,,,,,,,,,
196,55499,,,,,0.056065335869789124,,,,,,,,,,,
196,55509,,,,,0.0597396120429039,,,,,,,,,,,
196,55519,,,,,0.05785850062966347,,,,,,,,,,,
196,55529,,,,,0.0608927346765995,,,,,,,,,,,
196,55539,,,,,0.061047814786434174,,,,,,,,,,,
196,55549,,,,,0.052066870033741,,,,,,,,,,,
196,55559,,,,,0.0556652694940567,,,,,,,,,,,
196,55569,,,,,0.05735724791884422,,,,,,,,,,,
196,55579,,,,,0.05777568742632866,,,,,,,,,,,
196,55589,,,,,0.05761891230940819,,,,,,,,,,,
196,55599,,,,,0.05402829498052597,,,,,,,,,,,
196,55609,,,,,0.058947984129190445,,,,,,,,,,,
196,55619,,,,,0.05370669439435005,,,,,,,,,,,
196,55629,,,,,0.05482650548219681,,,,,,,,,,,
196,55639,,,,,0.0548371821641922,,,,,,,,,,,
196,55649,,,,,0.05958032235503197,,,,,,,,,,,
196,55659,,,,,0.05740663409233093,,,,,,,,,,,
196,55669,,,,,0.059397898614406586,,,,,,,,,,,
196,55679,,,,,0.06212875247001648,,,,,,,,,,,
196,55689,,,,,0.05821503698825836,,,,,,,,,,,
196,55699,,,,,0.06017552316188812,,,,,,,,,,,
196,55709,,,,,0.0560297854244709,,,,,,,,,,,
196,55719,,,,,0.057825975120067596,,,,,,,,,,,
196,55729,,,,,0.05657993629574776,,,,,,,,,,,
196,55739,,,,,0.056703634560108185,,,,,,,,,,,
196,55749,,,,,0.05662745237350464,,,,,,,,,,,
196,196,0.011287121084973565,42.47157127026338,,,,,,,,,,,,,,
196,55750,,,,,,0.05714963376522064,,,,,,,,,,
197,55759,,,,,0.05724042281508446,,,,,,,,,,,
197,55769,,,,,0.05714551359415054,,,,,,,,,,,
197,55779,,,,,0.06026291847229004,,,,,,,,,,,
197,55789,,,,,0.05792258679866791,,,,,,,,,,,
197,55799,,,,,0.05853578820824623,,,,,,,,,,,
197,55809,,,,,0.05792701244354248,,,,,,,,,,,
197,55819,,,,,0.05547395348548889,,,,,,,,,,,
197,55829,,,,,0.05660640820860863,,,,,,,,,,,
197,55839,,,,,0.05561763048171997,,,,,,,,,,,
197,55849,,,,,0.054141830652952194,,,,,,,,,,,
197,55859,,,,,0.056570280343294144,,,,,,,,,,,
197,55869,,,,,0.05907144770026207,,,,,,,,,,,
197,55879,,,,,0.057999975979328156,,,,,,,,,,,
197,55889,,,,,0.05883451923727989,,,,,,,,,,,
197,55899,,,,,0.05555156245827675,,,,,,,,,,,
197,55909,,,,,0.05369031801819801,,,,,,,,,,,
197,55919,,,,,0.058371104300022125,,,,,,,,,,,
197,55929,,,,,0.05570574849843979,,,,,,,,,,,
197,55939,,,,,0.0585017204284668,,,,,,,,,,,
197,55949,,,,,0.05611785128712654,,,,,,,,,,,
197,55959,,,,,0.06006617844104767,,,,,,,,,,,
197,55969,,,,,0.056376926600933075,,,,,,,,,,,
197,55979,,,,,0.05423517897725105,,,,,,,,,,,
197,55989,,,,,0.06001630797982216,,,,,,,,,,,
197,55999,,,,,0.05576469004154205,,,,,,,,,,,
197,56009,,,,,0.056272897869348526,,,,,,,,,,,
197,56019,,,,,0.056002818048000336,,,,,,,,,,,
197,56029,,,,,0.055552881211042404,,,,,,,,,,,
197,197,0.009837947670227743,42.36461016682575,,,,,,,,,,,,,,
197,56033,,,,,,0.05710946023464203,,,,,,,,,,
198,56039,,,,,0.05758390948176384,,,,,,,,,,,
198,56049,,,,,0.05608980730175972,,,,,,,,,,,
198,56059,,,,,0.05405285954475403,,,,,,,,,,,
198,56069,,,,,0.05307013913989067,,,,,,,,,,,
198,56079,,,,,0.05418682098388672,,,,,,,,,,,
198,56089,,,,,0.05471799150109291,,,,,,,,,,,
198,56099,,,,,0.05665227398276329,,,,,,,,,,,
198,56109,,,,,0.05836597830057144,,,,,,,,,,,
198,56119,,,,,0.05765478312969208,,,,,,,,,,,
198,56129,,,,,0.05632809177041054,,,,,,,,,,,
198,56139,,,,,0.05940787121653557,,,,,,,,,,,
198,56149,,,,,0.06156019866466522,,,,,,,,,,,
198,56159,,,,,0.058418478816747665,,,,,,,,,,,
198,56169,,,,,0.057870518416166306,,,,,,,,,,,
198,56179,,,,,0.056396838277578354,,,,,,,,,,,
198,56189,,,,,0.057019274681806564,,,,,,,,,,,
198,56199,,,,,0.056275054812431335,,,,,,,,,,,
198,56209,,,,,0.0588204450905323,,,,,,,,,,,
198,56219,,,,,0.05538393557071686,,,,,,,,,,,
198,56229,,,,,0.05460955575108528,,,,,,,,,,,
198,56239,,,,,0.057708702981472015,,,,,,,,,,,
198,56249,,,,,0.05584917590022087,,,,,,,,,,,
198,56259,,,,,0.05622771009802818,,,,,,,,,,,
198,56269,,,,,0.05609071999788284,,,,,,,,,,,
198,56279,,,,,0.06263075768947601,,,,,,,,,,,
198,56289,,,,,0.05381009355187416,,,,,,,,,,,
198,56299,,,,,0.06049426272511482,,,,,,,,,,,
198,56309,,,,,0.05441790819168091,,,,,,,,,,,
198,198,0.011004373580798543,42.26220508897293,,,,,,,,,,,,,,
198,56316,,,,,,0.05712008476257324,,,,,,,,,,
199,56319,,,,,0.05868593603372574,,,,,,,,,,,
199,56329,,,,,0.05910660699009895,,,,,,,,,,,
199,56339,,,,,0.05866977572441101,,,,,,,,,,,
199,56349,,,,,0.05521645396947861,,,,,,,,,,,
199,56359,,,,,0.055460263043642044,,,,,,,,,,,
199,56369,,,,,0.058132104575634,,,,,,,,,,,
199,56379,,,,,0.05777360871434212,,,,,,,,,,,
199,56389,,,,,0.060826726257801056,,,,,,,,,,,
199,56399,,,,,0.05968296900391579,,,,,,,,,,,
199,56409,,,,,0.05910114571452141,,,,,,,,,,,
199,56419,,,,,0.05569984018802643,,,,,,,,,,,
199,56429,,,,,0.058941733092069626,,,,,,,,,,,
199,56439,,,,,0.057322628796100616,,,,,,,,,,,
199,56449,,,,,0.05674878507852554,,,,,,,,,,,
199,56459,,,,,0.05469440668821335,,,,,,,,,,,
199,56469,,,,,0.05397730693221092,,,,,,,,,,,
199,56479,,,,,0.054266996681690216,,,,,,,,,,,
199,56489,,,,,0.055792052298784256,,,,,,,,,,,
199,56499,,,,,0.057465191930532455,,,,,,,,,,,
199,56509,,,,,0.05653046816587448,,,,,,,,,,,
199,56519,,,,,0.053296227008104324,,,,,,,,,,,
199,56529,,,,,0.05767570063471794,,,,,,,,,,,
199,56539,,,,,0.060086753219366074,,,,,,,,,,,
199,56549,,,,,0.058520086109638214,,,,,,,,,,,
199,56559,,,,,0.0575704388320446,,,,,,,,,,,
199,56569,,,,,0.05726884678006172,,,,,,,,,,,
199,56579,,,,,0.056297171860933304,,,,,,,,,,,
199,56589,,,,,0.051957689225673676,,,,,,,,,,,
199,56599,,,,,0.05916740745306015,,,,,,,,,,,
199,199,,,0.49987319111824036,0.0,,,0.056926254167212906,0.014141705818474293,,0.4979952275753021,,0.0,,0.057310072282253176,,0.014685767702758312
199,56599,,,,,,,,,0.4979952275753021,,0.0,,0.0573100708425045,,0.014685767702758312,
199,199,0.010627782346035347,42.15569586066384,,,,,,,,,,,,,,
199,56599,,,,,,0.05715102702379227,,,,,,,,,,
